"date","issue_id","issue_group","issue_family","category","priority","top_title","top_url","selected","issue_hash","event_key","max_todayness","article_forms","source_version","final_source"
"2026.6.5","I001","국가 AI 인프라/AIDC/GPU 정책","AI 인프라 및 정책","경쟁사_해외이슈","4","","","True","국가 ai 인프라 aidc gpu 정책","","","","",""
"2026.6.5","I002","카카오게임즈 최대주주 변경 및 공동대표 체제","경영권/인선","자사_및_계열사_이슈","5","","","True","카카오게임즈 최대주주 변경 및 공동대표 체제","","","","",""
"2026.6.5","I004","가상자산 이전거래/AML 규제 조정","가상자산 규제 완화","정부_국회","5","","","True","가상자산 이전거래 aml 규제 조정","","","","",""
"2026.6.5","I006","금융권 AI 도입 가이드라인/모범사례","AI 도입 논의","정부_국회","5","","","True","금융권 ai 도입 가이드라인 모범사례","","","","",""
"2026.6.5","I008","네이버페이 앱 장애/복구","서비스_장애","경쟁사_해외이슈","4","","","True","네이버페이 앱 장애 복구","","","","",""
"2026.6.5","I015","네이버_AI_검색_기능_확대","AI_검색_및_창작자_지원","경쟁사_해외이슈","4","","","True","네이버 ai 검색 기능 확대","","","","",""
"2026.6.5","I016","플랫폼 불법촬영 이미지 차단 의무 확대","유통방지_조치","정부_국회","4","","","True","플랫폼 불법촬영 이미지 차단 의무 확대","","","","",""
"2026.6.5","I017","쿠팡페이 제재 절차 돌입","전자금융 규제 및 제재","자사_및_계열사_이슈","2","","","True","쿠팡페이 제재 절차 돌입","","","","",""
"2026.6.5","I029","애플_앱스토어_AI_탑재_앱_현황","AI_앱_및_결제","경쟁사_해외이슈","4","","","True","애플 앱스토어 ai 탑재 앱 현황","","","","",""
"2026.6.5","I030","카톡 선물하기 내 스타벅스 교환권/소비 변화","카카오톡 선물하기","자사_및_계열사_이슈","3","","","True","카톡 선물하기 내 스타벅스 교환권 소비 변화","","","","",""
"2026.6.5","I031","AI 에이전트와 IT 인프라","AI_에이전트_전략","산업동향","2","","","True","ai 에이전트와 it 인프라","","","","",""
"2026.6.5","I044","AI 가상모델 표시 의무화","AI 윤리 및 규제","정부_국회","2","","","True","ai 가상모델 표시 의무화","","","","",""
"2026.6.5","I060","카카오-구글 딥마인드 AI 콘텐츠 워터마크 도입","AI_기술_협력","자사_및_계열사_이슈","2","","","True","카카오 구글 딥마인드 ai 콘텐츠 워터마크 도입","","","","",""
"2026.6.8","I001","국가 AI 인프라/AIDC/GPU 정책","AI 인프라","경쟁사_해외이슈","4","","","True","국가 ai 인프라 aidc gpu 정책","","","","",""
"2026.6.8","I003","네이버 AI 투자 확대 및 수익성 시험대","네이버 AI 전략","경쟁사_해외이슈","5","","","True","네이버 ai 투자 확대 및 수익성 시험대","","","","",""
"2026.6.8","I014","CU편의점·티빙 등 해킹","개인정보보호","경쟁사_해외이슈","2","","","True","cu편의점 티빙 등 해킹","","","","",""
"2026.6.8","I020","챗GPT의 슈퍼앱 전략 및 오픈AI 한국 전략","AI 슈퍼앱","자사_및_계열사_이슈","2","","","True","챗gpt의 슈퍼앱 전략 및 오픈ai 한국 전략","","","","",""
"2026.6.8","I031","국가정보보호백서, AI 기반 해킹 시대 도래","국가 정보보호","경쟁사_해외이슈","5","","","True","국가정보보호백서 ai 기반 해킹 시대 도래","","","","",""
"2026.6.8","I040","카카오뱅크 퇴직연금 시장 진입","금융 서비스","자사_및_계열사_이슈","3","","","True","카카오뱅크 퇴직연금 시장 진입","","","","",""
"2026.6.8","I044","방심위, 청소년 노출 성인 웹툰 광고 제재","방송통신위원회 제재","정부_국회","4","","","True","방심위 청소년 노출 성인 웹툰 광고 제재","","","","",""
"2026.6.8","I046","미국 정부, AI 기업 지분 보유 검토 (오픈AI 논의)","AI_정부정책_해외","경쟁사_해외이슈","1","","","True","미국 정부 ai 기업 지분 보유 검토 오픈ai 논의","","","","",""
"2026.6.8","I047","카카오 노조 임단협/파업 및 내부 갈등","노조 파업","자사_및_계열사_이슈","1","","","True","카카오 노조 임단협 파업 및 내부 갈등","","","","",""
"2026.6.8","I081","AI 서버 전력 소비 규제","AI 에너지 소비","정부_국회","1","","","True","ai 서버 전력 소비 규제","","","","",""
"2026.6.8","I085","디지털자산기본법 제정 지연","디지털자산기본법","정부_국회","1","","","True","디지털자산기본법 제정 지연","","","","",""
"2026.6.8","I092","AI 기반 에너지 이슈 분석·정보 검증 협력","AI 에너지 이슈","산업동향","1","","","True","ai 기반 에너지 분석 정보 검증 협력","","","","",""
"2026.6.8","I096","새만금 AI·수소도시 추진","AI 수소도시","산업동향","1","","","True","새만금 ai 수소도시 추진","","","","",""
"2026.6.9","I002","국가 AI 인프라/AIDC/GPU 정책","government_ai_core_policy","경쟁사_해외이슈","5","","","True","국가 ai 인프라 aidc gpu 정책","","","","",""
"2026.6.9","I003","global_incident:platform_regulation:naver:platform_content_moderation_obligation","comp_domestic_direct_risk","경쟁사_해외이슈","4","","","True","global incident platform regulation naver platform content moderation obligation","","","","",""
"2026.6.9","I004","global_incident:platform_regulation:platform_sector:platform_regulation","government_regulatory_enforcement","정부_국회","5","","","True","global incident platform regulation platform sector platform regulation","","","","",""
"2026.6.9","I005","티빙·CU 개인정보 유출, 쿠팡 제재 수위 주목","개인정보 유출","정부_국회","1","","","True","티빙 cu 개인정보 유출 쿠팡 제재 수위 주목","","","","",""
"2026.6.9","I018","배민 1:1 맞춤 컨설팅 효과","플랫폼 사업자 성장 지원","경쟁사_해외이슈","3","","","True","배민 1 1 맞춤 컨설팅 효과","","","","",""
"2026.6.9","I030","K-로봇, 피지컬 AI 시대 글로벌 격전지 부상","AI 기술","산업동향","2","","","True","k 로봇 피지컬 ai 시대 글로벌 격전지 부상","","","","",""
"2026.6.9","I036","중국, 온라인 제품평가 규제 강화","플랫폼 규제_표시/광고","정부_국회","2","","","True","중국 온라인 제품평가 규제 강화","","","","",""
"2026.6.9","I041","스테이블코인 감독권 갈등에 막힌 '디지털 자산 기본법'","디지털 자산/스테이블코인 규제","정부_국회","2","","","True","스테이블코인 감독권 갈등에 막힌 디지털 자산 기본법","","","","",""
"2026.6.9","I043","카카오 노조 임단협/파업 및 내부 갈등","노사갈등","자사_및_계열사_이슈","3","","","True","카카오 노조 임단협 파업 및 내부 갈등","","","","",""
"2026.6.9","I049","카카오 준신위, AI 기본법 대응 워크숍 개최","AI 법제화","자사_및_계열사_이슈","2","","","True","카카오 준신위 ai 기본법 대응 워크숍 개최","","","","",""
"2026.6.9","I053","애큐온캐피탈 인수전 및 카카오뱅크 진출","인수합병","자사_및_계열사_이슈","2","","","True","애큐온캐피탈 인수전 및 카카오뱅크 진출","","","","",""
"2026.6.9","I074","오픈AI IPO 추진","오픈AI","경쟁사_해외이슈","2","","","True","오픈ai ipo 추진","","","","",""
"2026.6.9","I077","카카오 실적 대비 주가 부진","카카오톡_경영/실적","자사_및_계열사_이슈","1","","","True","카카오 실적 대비 주가 부진","","","","",""
"2026-06-10","I001","카카오 노조 임단협/파업 및 내부 갈등","노조_파업","자사_및_계열사_이슈","5","","","True","카카오 노조 임단협 파업 및 내부 갈등","global_incident:labor_ir:kakao:strike_negotiation","59.0","analysis_with_direct_risk,direct_risk","google_rss_v28_self_rescue_competitor_summary_scope",""
"2026-06-10","I004","government_ai_core_policy:과기정통부 ai 미래 유니콘 기업 에 리벨리온 등 15개사 선정","government_ai_core_policy","정부_국회","5","","","True","government ai core policy 과기정통부 ai 미래 유니콘 기업 에 리벨리온 등 15개사 선정","event:과기정통부:ai_infrastructure_security","24.0","business_change","google_rss_v28_self_rescue_competitor_summary_scope",""
"2026-06-10","I005","government_ai_core_policy:과기정통부 방미통위 ai ott 협력 강화 데이터 공유 나선다","government_ai_core_policy","정부_국회","5","","","True","government ai core policy 과기정통부 방미통위 ai ott 협력 강화 데이터 공유 나선다","event:과기정통부+방미통위:ai_infrastructure_security","24.0","business_change","google_rss_v28_self_rescue_competitor_summary_scope",""
"2026-06-10","I006","LG·현대차·네이버 AI 보안 스타트업 투자","AI 보안 스타트업 투자","경쟁사_해외이슈","4","","","True","lg 현대차 네이버 ai 보안 스타트업 투자","global_incident:ai_security_policy:naver:ai_security_policy","24.0","direct_risk","google_rss_v28_self_rescue_competitor_summary_scope",""
"2026-06-10","I007","government_regulatory_enforcement:금감원 사회공헌 광고 집행 현장조사 착수 우리금융 첫 타자","government_regulatory_enforcement","정부_국회","5","","","True","government regulatory enforcement 금감원 사회공헌 광고 집행 현장조사 착수 우리금융 첫 타자","event:금감원:legal_regulatory_enforcement","29.0","official_action","google_rss_v28_self_rescue_competitor_summary_scope",""
"2026-06-10","I008","global_incident:platform_regulation:fair_trade_authority:platform_algorithm_ad_obligation","government_regulatory_enforcement","정부_국회","5","","","True","global incident platform regulation fair trade authority platform algorithm ad obligation","global_incident:platform_regulation:fair_trade_authority:platform_algorithm_ad_obligation","14.0","official_action","google_rss_v28_self_rescue_competitor_summary_scope",""
"2026-06-10","I009","네이버 클립 수익화 정책 강화","숏폼 경쟁","경쟁사_해외이슈","4","","","True","네이버 클립 수익화 정책 강화","global_incident:platform_regulation:naver:platform_content_moderation_obligation","24.0","general","google_rss_v28_self_rescue_competitor_summary_scope",""
"2026-06-10","I011","대형마트 주말 의무휴업 규제 관련 발언","플랫폼 규제 및 경쟁","경쟁사_해외이슈","4","","","True","대형마트 주말 의무휴업 규제 발언","global_incident:platform_regulation:coupang:platform_operator_obligation","24.0","general","google_rss_v28_self_rescue_competitor_summary_scope",""
"2026-06-10","I012","국가 AI 인프라/AIDC/GPU 정책","AI 데이터센터 구축","산업동향","4","","","True","국가 ai 인프라 aidc gpu 정책","global_incident:platform_regulation:kt:platform_data_protection_obligation","24.0","business_change","google_rss_v28_self_rescue_competitor_summary_scope",""
"2026-06-10","I016","금융감독원, 토스 중복출금 오류 재발 방지책 제출 요구","토스 오류","정부_국회","2","","","True","금융감독원 토스 중복출금 오류 재발 방지책 제출 요구","event:금감원+토스:legal_regulatory_enforcement+privacy_security_reliability","24.0","official_action","google_rss_v28_self_rescue_competitor_summary_scope",""
"2026-06-10","I017","쿠팡 개인정보 유출 관련 개인정보보호위원회 제재","개인정보 유출 및 제재","경쟁사_해외이슈","1","","","True","쿠팡 개인정보 유출 개인정보보호위원회 제재","v27:platform_enforcement:coupang:privacy_data_violation","42.0","official_action","google_rss_v28_self_rescue_competitor_summary_scope",""
"2026-06-10","I022","피지컬 AI 핵심 기술 국산화 선도사업","AI 핵심 기술 국산화","정부_국회","2","","","True","피지컬 ai 핵심 기술 국산화 선도사업","event:과기정통부:ai_infrastructure_security","24.0","business_change","google_rss_v28_self_rescue_competitor_summary_scope",""
"2026-06-10","I033","앤트로픽, 오픈AI 대비 매출·수익성 우위","AI 기업 경쟁 및 투자","경쟁사_해외이슈","2","","","True","앤트로픽 오픈ai 대비 매출 수익성 우위","global_incident:ai_security_policy:openai:anthropic_glasswing_security","24.0","analysis_with_direct_risk","google_rss_v28_self_rescue_competitor_summary_scope",""
"2026-06-10","I037","쿠팡 기만 광고 제재","플랫폼 규제","정부_국회","1","","","True","쿠팡 기만 광고 제재","v27:platform_enforcement:coupang:deceptive_membership_price_ad","24.0","official_action","google_rss_v28_self_rescue_competitor_summary_scope",""
"2026-06-12","I001","국가 AI 인프라/AIDC/GPU 정책","경쟁사 AI 전략","경쟁사_해외이슈","5","","","True","국가 ai 인프라 aidc gpu 정책","event:KT:ai_infrastructure_security+policy_legislation","24.0","analysis_feature,business_change,direct_risk,general","google_rss_v36_locked_categories_protected_candidates",""
"2026-06-12","I004","네이버클라우드 국방 AI 전략","국내 기업 AI 전략 및 적용","경쟁사_해외이슈","3","","","True","네이버클라우드 국방 ai 전략","event:네이버:ai_infrastructure_security+policy_legislation","14.0","business_change","google_rss_v36_locked_categories_protected_candidates",""
"2026-06-12","I031","오픈AI 챗GPT 요금 인하 검토 및 AI 경쟁 심화","AI 시장 경쟁","경쟁사_해외이슈","3","","","True","오픈ai 챗gpt 요금 인하 검토 및 ai 경쟁 심화","global_incident:ai_security_policy:openai:openai_security_access","24.0","business_change","google_rss_v36_locked_categories_protected_candidates",""
"2026-06-12","I054","카카오게임즈 최대주주 변경 및 공동대표 체제","계열사_경영_투자","자사_및_계열사_이슈","2","","","True","카카오게임즈 최대주주 변경 및 공동대표 체제","global_incident:leadership_service:kakao:service_reform_backlash","24.0","direct_risk","google_rss_v36_locked_categories_protected_candidates",""
"2026-06-12","I065","카카오페이 개인정보위 과징금 행정소송 1심 패소","self_legal_regulatory","정부_국회","1","","","True","카카오페이 개인정보위 과징금 행정소송 1심 패소","v27:platform_enforcement:kakao:privacy_data_violation","19.0","direct_risk,official_action","google_rss_v36_locked_categories_protected_candidates",""
"2026-06-12","I081","과기정통부 AI·6G 보안 국제표준 개발 착수","AI 보안 표준","정부_국회","1","","","True","과기정통부 ai 6g 보안 국제표준 개발 착수","event:과기정통부:ai_infrastructure_security+phishing_security","24.0","direct_risk","google_rss_v36_locked_categories_protected_candidates",""
"2026-06-12","I085","디지털자산기본법 하반기 논의 재개","디지털자산 정책","정부_국회","1","","","True","디지털자산기본법 하반기 논의 재개","global_incident:digital_asset_policy:digital_asset_sector:digital_asset_policy","14.0","general","google_rss_v36_locked_categories_protected_candidates",""
"2026-06-13","I001","국가 AI 인프라/AIDC/GPU 정책","국내 AI 경쟁","경쟁사_해외이슈","4","","","True","국가 ai 인프라 aidc gpu 정책","event:LGU+:ai_infrastructure_security+aidc_datacenter","14.0","analysis_feature,business_change,direct_risk,general,market_commentary","google_rss_v38_1_issue_integrity_best_article_guard",""
"2026-06-13","I003","네이버 인텔 CPU 동맹","네이버","경쟁사_해외이슈","3","","","True","네이버 인텔 cpu 동맹","","24.0","general","google_rss_v38_1_issue_integrity_best_article_guard",""
"2026-06-13","I017","global_incident:platform_regulation:kakao:platform_regulation","self_privacy_security","자사_및_계열사_이슈","5","","","True","global incident platform regulation kakao platform regulation","privacy_security:tving:data_leak","24.0","direct_risk,general","google_rss_v38_1_issue_integrity_best_article_guard",""
"2026-06-13","I024","카카오 노조 임단협/파업 및 내부 갈등","self_labor","자사_및_계열사_이슈","5","","","True","카카오 노조 임단협 파업 및 내부 갈등","global_incident:labor_ir:kakao:strike_negotiation","19.0","direct_risk,official_action","google_rss_v38_1_issue_integrity_best_article_guard",""
"2026-06-13","I030","해외 AI 빅테크 IPO 및 시장 평가","오픈AI","경쟁사_해외이슈","3","","","True","해외 ai 빅테크 ipo 및 시장 평가","global_incident:ai_security_policy:openai:openai_security_access","24.0","business_change,direct_risk","google_rss_v38_1_issue_integrity_best_article_guard",""
"2026-06-13","I033","아마존 위성 통신 분야 투자 (애플 연관)","아마존","경쟁사_해외이슈","3","","","True","아마존 위성 통신 분야 투자 애플 연관","global_incident:mna_capital:apple:mna_capital","24.0","direct_risk","google_rss_v38_1_issue_integrity_best_article_guard",""
"2026-06-13","I053","government_ai_core_policy:조선시대 문헌부터 사투리까지 ai 성능 평가도 k 스타일 로 바뀐다 과기정통부 nia 연내 한국형 ai 독자","government_ai_core_policy","정부_국회","5","","","True","government ai core policy 조선시대 문헌부터 사투리까지 ai 성능 평가도 k 스타일 로 바뀐다 과기정통부 nia 연내 한국형 ai 독자","event:과기정통부:ai_infrastructure_security","14.0","business_change","google_rss_v38_1_issue_integrity_best_article_guard",""
"2026-06-14","I009","쿠팡 개인정보 유출 과징금","플랫폼 규제","경쟁사_해외이슈","1","","","True","쿠팡 개인정보 유출 과징금","v27:platform_enforcement:coupang:privacy_data_violation","24.0","official_action","google_rss_v38_1_issue_integrity_best_article_guard",""
"2026-06-14","I039","앤트로픽 AI 모델 외국인 접근 차단","AI 규제","경쟁사_해외이슈","1","","","True","앤트로픽 ai 모델 외국인 접근 차단","global_incident:platform_regulation:toss:platform_operator_obligation","24.0","business_change,direct_risk","google_rss_v38_1_issue_integrity_best_article_guard",""
"2026-06-14","I057","중국 AI 스타트업 생태계 성장","중국 AI 시장 동향","경쟁사_해외이슈","4","","","True","중국 ai 스타트업 생태계 성장","","24.0","business_change","google_rss_v38_1_issue_integrity_best_article_guard",""
"2026-06-14","I065","오픈AI IPO 전망 및 美 주검찰 조사","AI 기업/규제","경쟁사_해외이슈","1","","","True","오픈ai ipo 전망 및 주검찰 조사","global_incident:ai_security_policy:openai:openai_security_access","24.0","business_change,direct_risk,official_action","google_rss_v38_1_issue_integrity_best_article_guard",""
"2026-06-14","I080","애플 AI 전략 및 개인정보 보호 강조","AI/개인정보","경쟁사_해외이슈","1","","","True","애플 ai 전략 및 개인정보 보호 강조","privacy_security:apple:data_leak","14.0","business_change,direct_risk","google_rss_v38_1_issue_integrity_best_article_guard",""
"2026-06-14","I113","카카오 노조 임단협/파업 및 내부 갈등","노사 관계","경쟁사_해외이슈","1","","","True","카카오 노조 임단협 파업 및 내부 갈등","global_incident:labor_ir:kakao:strike_negotiation","24.0","direct_risk","google_rss_v38_1_issue_integrity_best_article_guard",""
"2026-06-14","I120","카카오페이 알리페이 개인정보 제공 관련 과징금 소송 패소","개인정보 제재","자사_및_계열사_이슈","1","","","True","카카오페이 알리페이 개인정보 제공 과징금 소송 패소","v27:platform_enforcement:kakao:privacy_data_violation","24.0","direct_risk,official_action","google_rss_v38_1_issue_integrity_best_article_guard",""
"2026-06-14","I133","카카오게임즈 최대주주 변경 및 공동대표 체제","카카오게임즈 경영","자사_및_계열사_이슈","1","","","True","카카오게임즈 최대주주 변경 및 공동대표 체제","global_incident:labor_ir:kakao:labor_ir","14.0","direct_risk,general","google_rss_v38_1_issue_integrity_best_article_guard",""
"2026-06-14","I192","미중 기술 패권 갈등 심화 (AI 기업 블랙리스트)","미중 기술 패권","정부_국회","1","","","True","미중 기술 패권 갈등 심화 ai 기업 블랙리스트","","24.0","business_change","google_rss_v38_1_issue_integrity_best_article_guard",""
"2026-06-15","I003","국가 AI 인프라/AIDC/GPU 정책","국내 통신사 AI 서비스","경쟁사_해외이슈","3","","","True","국가 ai 인프라 aidc gpu 정책","global_incident:platform_regulation:platform_sector:platform_regulation","24.0","business_change,general,market_commentary","google_rss_v40_enforcement_dedupe_self_soft_fallback",""
"2026-06-15","I004","네이버클라우드 국방 AX 전략 및 경량 AI 모델 공개","네이버 AI 전략","경쟁사_해외이슈","3","","","True","네이버클라우드 국방 ax 전략 및 경량 ai 모델 공개","event:네이버:ai_infrastructure_security+policy_legislation","24.0","analysis_feature,business_change,general","google_rss_v40_enforcement_dedupe_self_soft_fallback",""
"2026-06-15","I015","SKT, 앤트로픽 추가 투자","SKT AI 전략","경쟁사_해외이슈","1","","","True","skt 앤트로픽 추가 투자","global_incident:ai_security_policy:skt:anthropic_glasswing_security","24.0","general","google_rss_v40_enforcement_dedupe_self_soft_fallback",""
"2026-06-15","I018","global_incident:ai_security_policy:openai:anthropic_glasswing_security","comp_overseas_platform_ai","경쟁사_해외이슈","4","","","True","global incident ai security policy openai anthropic glasswing security","global_incident:ai_security_policy:openai:anthropic_glasswing_security","19.0","business_change","google_rss_v40_enforcement_dedupe_self_soft_fallback",""
"2026-06-15","I032","방미통위, 구글·애플 인앱결제 제재 공식화","앱 마켓 규제","경쟁사_해외이슈","1","","","True","방미통위 구글 애플 인앱결제 제재 공식화","v27:platform_enforcement:google:app_market_payment_fee","24.0","official_action","google_rss_v40_enforcement_dedupe_self_soft_fallback",""
"2026-06-15","I033","쿠팡 공정위 과징금 부과 (자사우대/기만광고) AND 쿠팡 납치광고 방미통위 심의 착수","플랫폼 시장 규율","경쟁사_해외이슈","1","","","True","쿠팡 공정위 과징금 부과 자사우대 기만광고 and 쿠팡 납치광고 방미통위 심의 착수","v27:platform_enforcement:coupang:deceptive_membership_price_ad","24.0","official_action","google_rss_v40_enforcement_dedupe_self_soft_fallback",""
"2026-06-15","I084","카카오벤처스 LP 소통 플랫폼 출시","self_strategic_reference","자사_및_계열사_이슈","3","","","True","카카오벤처스 lp 소통 플랫폼 출시","global_incident:platform_regulation:kakao:platform_regulation","24.0","general","google_rss_v40_enforcement_dedupe_self_soft_fallback",""
"2026-06-15","I104","중기부 AI 창업 지원 정책","AI 정책","정부_국회","2","","","True","중기부 ai 창업 지원 정책","global_incident:platform_regulation:platform_sector:platform_regulation","24.0","business_change","google_rss_v40_enforcement_dedupe_self_soft_fallback",""
"2026-06-15","I109","AI 관련 금융권 망분리 규제 동향","금융_AI_규제","정부_국회","3","","","True","ai 금융권 망분리 규제 동향","global_incident:ai_security_policy:toss:anthropic_glasswing_security","24.0","business_change","google_rss_v40_enforcement_dedupe_self_soft_fallback",""
"2026-06-15","I132","공정위 광고 규제 강화","광고 규제","정부_국회","1","","","True","공정위 광고 규제 강화","global_incident:platform_regulation:fair_trade_authority:platform_algorithm_ad_obligation","24.0","official_action","google_rss_v40_enforcement_dedupe_self_soft_fallback",""
"2026-06-16","I002","쿠팡 공정위 과징금","플랫폼 규제","정부_국회","5","","","True","쿠팡 공정위 과징금","global_incident:platform_regulation:coupang:platform_operator_obligation","24.0","official_action","google_rss_v43_quality_gated_minima_anti_overdelete",""
"2026-06-16","I007","global_incident:privacy_security:naver:naver","comp_domestic_direct_risk","경쟁사_해외이슈","4","","","True","global incident privacy security naver naver","privacy_security:naver:data_leak","24.0","direct_risk","google_rss_v43_quality_gated_minima_anti_overdelete",""
"2026-06-16","I025","네이버클라우드 국방 특화 AI 공개","네이버 AI 기술","경쟁사_해외이슈","2","","","True","네이버클라우드 국방 특화 ai 공개","event:네이버:ai_infrastructure_security","24.0","business_change","google_rss_v43_quality_gated_minima_anti_overdelete",""
"2026-06-16","I087","AI 정책 컨트롤타워 인선/공백","국가_AI_전략","정부_국회","3","","","True","ai 정책 컨트롤타워 인선 공백","","24.0","business_change","google_rss_v43_quality_gated_minima_anti_overdelete",""
"2026-06-16","I120","카카오 노조 임단협/파업 및 내부 갈등","카카오 조직개편/노조","자사_및_계열사_이슈","1","","","True","카카오 노조 임단협 파업 및 내부 갈등","global_incident:labor_ir:kakao:strike_negotiation","24.0","direct_risk","google_rss_v43_quality_gated_minima_anti_overdelete",""
"2026-06-16","I121","금융위 신용정보법 개정 (AI·금융 규제 완화)","금융 AI 규제 완화","정부_국회","1","","","True","금융위 신용정보법 개정 ai 금융 규제 완화","event:금융위:ai_infrastructure_security+policy_legislation","24.0","business_change","google_rss_v43_quality_gated_minima_anti_overdelete",""
"2026-06-16","I140","금융위 법인 디지털자산 시장 참여 추진","디지털자산 정책","정부_국회","1","","","True","금융위 법인 디지털자산 시장 참여 추진","global_incident:digital_asset_policy:financial_authority:digital_asset_policy","24.0","general","google_rss_v43_quality_gated_minima_anti_overdelete",""
"2026-06-17","I003","국가 AI 인프라/AIDC/GPU 정책","government_ai_core_policy","정부_국회","5","","","True","국가 ai 인프라 aidc gpu 정책","global_incident:platform_regulation:science_ict_ministry:platform_regulation","24.0","business_change,direct_risk,general,official_action","google_rss_v44_final_artifact_sync_only","CEO_Morning_Briefing"
"2026-06-17","I004","global_incident:ai_security_policy:toss:anthropic_glasswing_security","comp_domestic_ai_platform","경쟁사_해외이슈","4","","","True","global incident ai security policy toss anthropic glasswing security","global_incident:ai_security_policy:toss:anthropic_glasswing_security","14.0","business_change,direct_risk","google_rss_v44_final_artifact_sync_only","CEO_Morning_Briefing"
"2026-06-17","I014","global_incident:platform_regulation:coupang:platform_operator_obligation","comp_domestic_direct_risk","정부_국회","5","","","True","global incident platform regulation coupang platform operator obligation","global_incident:platform_regulation:coupang:platform_operator_obligation","24.0","business_change,general,official_action","google_rss_v44_final_artifact_sync_only","CEO_Morning_Briefing"
"2026-06-17","I025","global_incident:platform_regulation:naver:platform_regulation","comp_domestic_direct_risk","정부_국회","5","","","True","global incident platform regulation naver platform regulation","global_incident:platform_regulation:naver:platform_regulation","24.0","direct_risk,official_action","google_rss_v44_final_artifact_sync_only","CEO_Morning_Briefing"
"2026-06-17","I026","global_incident:platform_enforcement:coupang:privacy_data_violation","comp_domestic_direct_risk","경쟁사_해외이슈","4","","","True","global incident platform enforcement coupang privacy data violation","v27:platform_enforcement:coupang:privacy_data_violation","14.0","official_action","google_rss_v44_final_artifact_sync_only","CEO_Morning_Briefing"
"2026-06-17","I029","global_incident:ai_security_policy:openai:openai_security_access","comp_overseas_platform_ai","정부_국회","5","","","True","global incident ai security policy openai openai security access","global_incident:ai_security_policy:openai:openai_security_access","24.0","business_change,direct_risk","google_rss_v44_final_artifact_sync_only","CEO_Morning_Briefing"
"2026-06-17","I030","government_regulatory_enforcement:금감원 한투운용 스페이스x etf 과장광고 조사 검사 전환도 검토","government_regulatory_enforcement","정부_국회","5","","","True","government regulatory enforcement 금감원 한투운용 스페이스x etf 과장광고 조사 검사 전환도 검토","","24.0","official_action","google_rss_v44_final_artifact_sync_only","CEO_Morning_Briefing"
"2026-06-17","I033","global_incident:platform_regulation:google:platform_regulation","comp_overseas_regulation_data","경쟁사_해외이슈","5","","","True","global incident platform regulation google platform regulation","global_incident:platform_regulation:google:platform_regulation","24.0","direct_risk,official_action","google_rss_v44_final_artifact_sync_only","CEO_Morning_Briefing"
"2026-06-17","I034","comp_domestic_public_infra:kt그룹 희망나눔재단 k ai 콘텐츠 공모전 과기정통부 전국민 ai 경진대회 연계","comp_domestic_public_infra","정부_국회","5","","","True","comp domestic public infra kt그룹 희망나눔재단 k ai 콘텐츠 공모전 과기정통부 전국민 ai 경진대회 연계","event:과기정통부:ai_infrastructure_security","24.0","business_change","google_rss_v44_final_artifact_sync_only","CEO_Morning_Briefing"
"2026-06-17","I039","global_incident:platform_regulation:toss:platform_regulation","comp_domestic_ai_platform","경쟁사_해외이슈","4","","","True","global incident platform regulation toss platform regulation","global_incident:platform_regulation:toss:platform_regulation","29.0","direct_risk","google_rss_v44_final_artifact_sync_only","CEO_Morning_Briefing"
"2026-06-17","I054","카카오 노조 임단협/파업 및 내부 갈등","self_labor","자사_및_계열사_이슈","5","","","True","카카오 노조 임단협 파업 및 내부 갈등","global_incident:labor_ir:kakao:strike_negotiation","24.0","direct_risk","google_rss_v44_final_artifact_sync_only","CEO_Morning_Briefing"
"2026-06-17","I065","카카오뱅크 판교 조직/거점 일원화","self_strategic_reference","자사_및_계열사_이슈","5","","","True","카카오뱅크 판교 조직 거점 일원화","global_incident:leadership_service:kakao:leadership_service","14.0","direct_risk","google_rss_v44_final_artifact_sync_only","CEO_Morning_Briefing"
"2026-06-17","I144","self_strategic_reference:카카오 은행들과 원화 스테이블코인 컨소시엄 추진","self_strategic_reference","자사_및_계열사_이슈","4","","","True","self strategic reference 카카오 은행들과 원화 스테이블코인 컨소시엄 추진","event:카카오:digital_asset_stablecoin+stablecoin","14.0","general","google_rss_v44_final_artifact_sync_only","CEO_Morning_Briefing"
"2026-06-17","I145","카카오페이 슈퍼월렛 원화코인/스테이블코인 구상","self_strategic_reference","자사_및_계열사_이슈","4","","","True","카카오페이 슈퍼월렛 원화코인 스테이블코인 구상","event:카카오+카카오페이:digital_asset_stablecoin+stablecoin","14.0","general","google_rss_v44_final_artifact_sync_only","CEO_Morning_Briefing"
"2026-06-18","I001","comp_domestic_ai_platform:젠슨황 방한 기획기사 100시간 젠슨 황이 보여준 ai 월드 네이버와 기가와트급 ai 팩토리 전초기지 마련","comp_domestic_ai_platform","경쟁사_해외이슈","4","","","True","comp domestic ai platform 젠슨황 방한 기획기사 100시간 젠슨 황이 보여준 ai 월드 네이버와 기가와트급 ai 팩토리 전초기지 마련","event:네이버:ai_infrastructure_security","12.0","analysis_feature","google_rss_v44_final_artifact_sync_only","CEO_Morning_Briefing"
"2026-06-18","I003","comp_domestic_finance_commerce:법무법인 광장 공정거래 세미나 네이버 쇼핑 판결 차액가맹금 대법원 판례 집중 분석","comp_domestic_finance_commerce","경쟁사_해외이슈","4","","","True","comp domestic finance commerce 법무법인 광장 공정거래 세미나 네이버 쇼핑 판결 차액가맹금 대법원 판례 집중 분석","event:네이버:legal_regulatory_enforcement","24.0","analysis_with_direct_risk","google_rss_v44_final_artifact_sync_only","CEO_Morning_Briefing"
"2026-06-18","I005","global_incident:ai_security_policy:lguplus:anthropic_glasswing_security","comp_domestic_ai_platform","경쟁사_해외이슈","4","","","True","global incident ai security policy lguplus anthropic glasswing security","global_incident:ai_security_policy:lguplus:anthropic_glasswing_security","14.0","direct_risk","google_rss_v44_final_artifact_sync_only","CEO_Morning_Briefing"
"2026-06-18","I006","global_incident:ai_security_policy:naver:anthropic_glasswing_security","comp_domestic_strategy","경쟁사_해외이슈","4","","","True","global incident ai security policy naver anthropic glasswing security","global_incident:ai_security_policy:naver:anthropic_glasswing_security","24.0","general","google_rss_v44_final_artifact_sync_only","CEO_Morning_Briefing"
"2026-06-18","I007","comp_domestic_ai_platform:네이버클라우드 국방 특화 hyperclova x seed 4b 공개 드론 전술차량 ai 확대","comp_domestic_ai_platform","경쟁사_해외이슈","4","","","True","comp domestic ai platform 네이버클라우드 국방 특화 hyperclova x seed 4b 공개 드론 전술차량 ai 확대","event:네이버:ai_infrastructure_security","14.0","market_commentary","google_rss_v44_final_artifact_sync_only","CEO_Morning_Briefing"
"2026-06-18","I019","global_incident:ai_security_policy:science_ict_ministry:anthropic_glasswing_security","comp_overseas_platform_ai","정부_국회","5","","","True","global incident ai security policy science ict ministry anthropic glasswing security","global_incident:ai_security_policy:science_ict_ministry:anthropic_glasswing_security","24.0","business_change,direct_risk","google_rss_v44_final_artifact_sync_only","CEO_Morning_Briefing"
"2026-06-18","I022","global_incident:ai_security_policy:openai:openai_security_access","comp_overseas_platform_ai","정부_국회","5","","","True","global incident ai security policy openai openai security access","global_incident:ai_security_policy:openai:openai_security_access","24.0","business_change,direct_risk","google_rss_v44_final_artifact_sync_only","CEO_Morning_Briefing"
"2026-06-18","I026","government_ai_core_policy:과기정통부 앤스로픽과 글로벌 ai 안전 보안 동맹 사이버 보안 협력","government_ai_core_policy","정부_국회","5","","","True","government ai core policy 과기정통부 앤스로픽과 글로벌 ai 안전 보안 동맹 사이버 보안 협력","event:과기정통부:ai_infrastructure_security+phishing_security","24.0","direct_risk","google_rss_v44_final_artifact_sync_only","CEO_Morning_Briefing"
"2026-06-18","I027","global_incident:platform_regulation:google:platform_regulation","comp_overseas_regulation_data","경쟁사_해외이슈","4","","","True","global incident platform regulation google platform regulation","global_incident:platform_regulation:google:platform_regulation","14.0","direct_risk","google_rss_v44_final_artifact_sync_only","CEO_Morning_Briefing"
"2026-06-18","I039","global_incident:mna_capital:kakao:mna_capital","self_governance_mna","자사_및_계열사_이슈","5","","","True","global incident mna capital kakao mna capital","global_incident:mna_capital:kakao:mna_capital","24.0","analysis_with_direct_risk,business_change,direct_risk","google_rss_v44_final_artifact_sync_only","CEO_Morning_Briefing"
"2026-06-18","I040","global_incident:platform_regulation:kakao:platform_regulation","self_privacy_security","자사_및_계열사_이슈","5","","","True","global incident platform regulation kakao platform regulation","privacy_security:kakao:data_leak","14.0","business_change,direct_risk","google_rss_v44_final_artifact_sync_only","CEO_Morning_Briefing"
"2026-06-18","I041","카카오 노조 임단협/파업 및 내부 갈등","self_labor","자사_및_계열사_이슈","5","","","True","카카오 노조 임단협 파업 및 내부 갈등","global_incident:labor_ir:kakao:strike_negotiation","24.0","direct_risk,general","google_rss_v44_final_artifact_sync_only","CEO_Morning_Briefing"
"2026-06-18","I043","국가 AI 인프라/AIDC/GPU 정책","comp_domestic_ai_platform","정부_국회","5","","","True","국가 ai 인프라 aidc gpu 정책","event:과기정통부:ai_infrastructure_security+aidc_datacenter","42.0","business_change,direct_risk,general,official_action","google_rss_v44_final_artifact_sync_only","CEO_Morning_Briefing"
"2026-06-19","I002","global_incident:platform_regulation:coupang:coupang_designation_disclosure","comp_domestic_direct_risk","경쟁사_해외이슈","4","","","True","global incident platform regulation coupang coupang designation disclosure","global_incident:platform_regulation:coupang:coupang_designation_disclosure","14.0","official_action","google_rss_v44_final_artifact_sync_only","CEO_Morning_Briefing"
"2026-06-19","I003","국가 AI 인프라/AIDC/GPU 정책","comp_domestic_ai_platform","정부_국회","5","","","True","국가 ai 인프라 aidc gpu 정책","event:과기정통부:ai_infrastructure_security+aidc_datacenter","24.0","analysis_with_direct_risk,business_change,direct_risk,general,market_commentary,official_action","google_rss_v44_final_artifact_sync_only","CEO_Morning_Briefing"
"2026-06-19","I004","comp_domestic_ai_platform:19만원 바닥 찍은 네이버 엔비디아와 손잡고 gw급 ai 팩토리 도전","comp_domestic_ai_platform","경쟁사_해외이슈","4","","","True","comp domestic ai platform 19만원 바닥 찍은 네이버 엔비디아와 손잡고 gw급 ai 팩토리 도전","event:네이버:ai_infrastructure_security","14.0","business_change","google_rss_v44_final_artifact_sync_only","CEO_Morning_Briefing"
"2026-06-19","I005","global_incident:ai_security_policy:naver:anthropic_glasswing_security","comp_domestic_ai_platform","경쟁사_해외이슈","4","","","True","global incident ai security policy naver anthropic glasswing security","global_incident:ai_security_policy:naver:anthropic_glasswing_security","14.0","business_change,general","google_rss_v44_final_artifact_sync_only","CEO_Morning_Briefing"
"2026-06-19","I006","self_legal_regulatory:메타 카카오 이긴 개보위 이번엔 쿠팡 숙제는 소송 예산","self_legal_regulatory","자사_및_계열사_이슈","5","","","True","self legal regulatory 메타 카카오 이긴 개보위 이번엔 쿠팡 숙제는 소송 예산","","24.0","direct_risk","google_rss_v44_final_artifact_sync_only","CEO_Morning_Briefing"
"2026-06-19","I007","global_incident:platform_regulation:kakao:platform_operator_obligation","self_legal_regulatory","자사_및_계열사_이슈","5","","","True","global incident platform regulation kakao platform operator obligation","global_incident:platform_regulation:kakao:platform_operator_obligation","24.0","official_action","google_rss_v44_final_artifact_sync_only","CEO_Morning_Briefing"
"2026-06-19","I011","comp_domestic_ai_platform:기업 네이버 월드컵 특수에 ai 서비스 급성장 검색 쇼핑 클라우드 확장","comp_domestic_ai_platform","경쟁사_해외이슈","4","","","True","comp domestic ai platform 기업 네이버 월드컵 특수에 ai 서비스 급성장 검색 쇼핑 클라우드 확장","event:네이버:ai_infrastructure_security","24.0","business_change","google_rss_v44_final_artifact_sync_only","CEO_Morning_Briefing"
"2026-06-19","I025","AI 정책 컨트롤타워 인선/공백","government_ai_core_policy","정부_국회","5","","","True","ai 정책 컨트롤타워 인선 공백","","29.0","business_change,direct_risk,official_action","google_rss_v44_final_artifact_sync_only","CEO_Morning_Briefing"
"2026-06-19","I026","global_incident:platform_regulation:toss:platform_operator_obligation","comp_domestic_public_infra","정부_국회","5","","","True","global incident platform regulation toss platform operator obligation","global_incident:platform_regulation:toss:platform_operator_obligation","24.0","business_change","google_rss_v44_final_artifact_sync_only","CEO_Morning_Briefing"
"2026-06-19","I027","global_incident:ai_security_policy:sector:anthropic_glasswing_security","comp_overseas_platform_ai","정부_국회","5","","","True","global incident ai security policy sector anthropic glasswing security","global_incident:ai_security_policy:sector:anthropic_glasswing_security","24.0","business_change,direct_risk","google_rss_v44_final_artifact_sync_only","CEO_Morning_Briefing"
"2026-06-19","I029","global_incident:platform_regulation:kakao:platform_regulation","self_legal_regulatory","자사_및_계열사_이슈","5","","","True","global incident platform regulation kakao platform regulation","global_incident:platform_regulation:kakao:platform_regulation","14.0","analysis_with_direct_risk,official_action","google_rss_v44_final_artifact_sync_only","CEO_Morning_Briefing"
"2026-06-19","I031","금융권 AI 도입 가이드라인/모범사례","government_ai_core_policy","정부_국회","5","","","True","금융권 ai 도입 가이드라인 모범사례","event:금융위:ai_infrastructure_security+policy_legislation","24.0","official_action","google_rss_v44_final_artifact_sync_only","CEO_Morning_Briefing"
"2026-06-19","I037","global_incident:ai_security_policy:openai:anthropic_glasswing_security","comp_overseas_platform_ai","경쟁사_해외이슈","4","","","True","global incident ai security policy openai anthropic glasswing security","global_incident:ai_security_policy:openai:anthropic_glasswing_security","24.0","business_change,direct_risk","google_rss_v44_final_artifact_sync_only","CEO_Morning_Briefing"
"2026-06-22","I001","국가 AI 인프라/AIDC/GPU 정책","comp_domestic_ai_platform","경쟁사_해외이슈","5","","","True","국가 ai 인프라 aidc gpu 정책","event:KT:ai_infrastructure_security+phishing_security","24.0","business_change,direct_risk,general,market_commentary","google_rss_v44_final_artifact_sync_only","CEO_Morning_Briefing"
"2026-06-22","I002","global_incident:platform_regulation:coupang:platform_operator_obligation","comp_domestic_direct_risk","경쟁사_해외이슈","4","","","True","global incident platform regulation coupang platform operator obligation","global_incident:platform_regulation:coupang:platform_operator_obligation","0.0","official_action","google_rss_v44_final_artifact_sync_only","CEO_Morning_Briefing"
"2026-06-22","I007","global_incident:ai_security_policy:toss:anthropic_glasswing_security","comp_domestic_ai_platform","경쟁사_해외이슈","4","","","True","global incident ai security policy toss anthropic glasswing security","global_incident:ai_security_policy:toss:anthropic_glasswing_security","0.0","business_change,direct_risk","google_rss_v44_final_artifact_sync_only","CEO_Morning_Briefing"
"2026-06-22","I009","comp_domestic_ai_platform:네이버 검색 80 찍었다 ai탭 출시 후 점유율 껑충","comp_domestic_ai_platform","경쟁사_해외이슈","4","","","True","comp domestic ai platform 네이버 검색 80 찍었다 ai탭 출시 후 점유율 껑충","event:네이버:ai_infrastructure_security","14.0","business_change","google_rss_v44_final_artifact_sync_only","CEO_Morning_Briefing"
"2026-06-22","I010","comp_domestic_ai_platform:농진청 네이버클라우드와 농업 ax 논의 일하는 방식 혁신","comp_domestic_ai_platform","경쟁사_해외이슈","4","","","True","comp domestic ai platform 농진청 네이버클라우드와 농업 ax 논의 일하는 방식 혁신","event:네이버:ai_infrastructure_security","0.0","general","google_rss_v44_final_artifact_sync_only","CEO_Morning_Briefing"
"2026-06-22","I045","global_incident:leadership_service:kakao:leadership_service","self_strategic_reference","자사_및_계열사_이슈","5","","","True","global incident leadership service kakao leadership service","global_incident:leadership_service:kakao:leadership_service","14.0","direct_risk","google_rss_v44_final_artifact_sync_only","CEO_Morning_Briefing"
"2026-06-22","I046","comp_domestic_strategy:중기부 장관이 총리로 rwa 완화 바라는 모태펀드 네이버 블로그","comp_domestic_strategy","정부_국회","4","","","True","comp domestic strategy 중기부 장관이 총리로 rwa 완화 바라는 모태펀드 네이버 블로그","event:네이버:digital_asset_stablecoin","24.0","general","google_rss_v44_final_artifact_sync_only","CEO_Morning_Briefing"
"2026-06-22","I049","global_incident:ai_security_policy:openai:anthropic_glasswing_security","comp_overseas_platform_ai","경쟁사_해외이슈","4","","","True","global incident ai security policy openai anthropic glasswing security","global_incident:ai_security_policy:openai:anthropic_glasswing_security","24.0","business_change,direct_risk","google_rss_v44_final_artifact_sync_only","CEO_Morning_Briefing"
"2026-06-22","I054","global_incident:platform_regulation:platform_sector:platform_regulation","government_regulatory_enforcement","정부_국회","5","","","True","global incident platform regulation platform sector platform regulation","global_incident:platform_regulation:platform_sector:platform_regulation","14.0","business_change,direct_risk,official_action","google_rss_v44_final_artifact_sync_only","CEO_Morning_Briefing"
"2026-06-22","I064","카카오게임즈 최대주주 변경 및 공동대표 체제","self_strategic_reference","자사_및_계열사_이슈","5","","","True","카카오게임즈 최대주주 변경 및 공동대표 체제","global_incident:leadership_service:kakao:leadership_service","32.0","analysis_with_direct_risk,direct_risk,general","google_rss_v44_final_artifact_sync_only","CEO_Morning_Briefing"
"2026-06-22","I073","global_incident:platform_regulation:kakao:platform_regulation","self_privacy_security","자사_및_계열사_이슈","5","","","True","global incident platform regulation kakao platform regulation","global_incident:platform_regulation:kakao:platform_regulation","24.0","direct_risk,general","google_rss_v44_final_artifact_sync_only","CEO_Morning_Briefing"
"2026-06-22","I101","금융권 AI 도입 가이드라인/모범사례","government_ai_core_policy","정부_국회","5","","","True","금융권 ai 도입 가이드라인 모범사례","event:금융위:ai_infrastructure_security+policy_legislation","24.0","official_action","google_rss_v44_final_artifact_sync_only","CEO_Morning_Briefing"
"2026-06-22","I122","government_ai_core_policy:과기정통부 피지컬 ai 얼라이언스 2기 출범 로봇 ai반도체 데이터센터 총집결","government_ai_core_policy","정부_국회","5","","","True","government ai core policy 과기정통부 피지컬 ai 얼라이언스 2기 출범 로봇 ai반도체 데이터센터 총집결","event:과기정통부:ai_infrastructure_security","24.0","business_change","google_rss_v44_final_artifact_sync_only","CEO_Morning_Briefing"
"2026-06-23","I001","global_incident:platform_regulation:coupang:coupang_designation_disclosure","comp_domestic_direct_risk","경쟁사_해외이슈","4","","","True","global incident platform regulation coupang coupang designation disclosure","global_incident:platform_regulation:coupang:coupang_designation_disclosure","24.0","official_action","google_rss_v44_final_artifact_sync_only","CEO_Morning_Briefing"
"2026-06-23","I002","국가 AI 인프라/AIDC/GPU 정책","comp_overseas_regulation_data","경쟁사_해외이슈","5","","","True","국가 ai 인프라 aidc gpu 정책","event:KT:ai_infrastructure_security+policy_legislation","24.0","business_change,direct_risk,general,market_commentary","google_rss_v44_final_artifact_sync_only","CEO_Morning_Briefing"
"2026-06-23","I019","comp_domestic_ai_platform:ai서머리 네이버랩스 차세대 범용 로봇 두뇌 공개 콘진원 케이녹 스페셜라운드 투자 기회 확대","comp_domestic_ai_platform","경쟁사_해외이슈","4","","","True","comp domestic ai platform ai서머리 네이버랩스 차세대 범용 로봇 두뇌 공개 콘진원 케이녹 스페셜라운드 투자 기회 확대","event:네이버:ai_infrastructure_security","24.0","business_change","google_rss_v44_final_artifact_sync_only","CEO_Morning_Briefing"
"2026-06-23","I026","global_incident:ai_security_policy:naver:openai_security_access","comp_domestic_ai_platform","경쟁사_해외이슈","4","","","True","global incident ai security policy naver openai security access","global_incident:ai_security_policy:naver:openai_security_access","19.0","business_change","google_rss_v44_final_artifact_sync_only","CEO_Morning_Briefing"
"2026-06-23","I028","comp_domestic_strategy:lgu+ ms 코파일럿 사내 도입 한 달 만에 전사 이용률 80 돌파","comp_domestic_strategy","경쟁사_해외이슈","4","","","True","comp domestic strategy lgu ms 코파일럿 사내 도입 한 달 만에 전사 이용률 80 돌파","","14.0","general","google_rss_v44_final_artifact_sync_only","CEO_Morning_Briefing"
"2026-06-23","I046","global_incident:mna_capital:kakao:mna_capital","self_strategic_reference","자사_및_계열사_이슈","5","","","True","global incident mna capital kakao mna capital","global_incident:mna_capital:kakao:mna_capital","24.0","direct_risk","google_rss_v44_final_artifact_sync_only","CEO_Morning_Briefing"
"2026-06-23","I053","government_regulatory_enforcement:한투운용 스페이스x etf 광고 논란 금감원 검사 경찰 내사 착수 1부","government_regulatory_enforcement","정부_국회","5","","","True","government regulatory enforcement 한투운용 스페이스x etf 광고 논란 금감원 검사 경찰 내사 착수 1부","event:금감원:legal_regulatory_enforcement+service_reform_backlash","14.0","market_commentary","google_rss_v44_final_artifact_sync_only","CEO_Morning_Briefing"
"2026-06-23","I056","comp_domestic_finance_commerce:토스뱅크 솔라나 스테이블코인 해외송금 협력 나선다","comp_domestic_finance_commerce","경쟁사_해외이슈","4","","","True","comp domestic finance commerce 토스뱅크 솔라나 스테이블코인 해외송금 협력 나선다","event:토스:digital_asset_stablecoin+stablecoin","14.0","general","google_rss_v44_final_artifact_sync_only","CEO_Morning_Briefing"
"2026-06-23","I077","카카오게임즈 최대주주 변경 및 공동대표 체제","self_governance_mna","자사_및_계열사_이슈","5","","","True","카카오게임즈 최대주주 변경 및 공동대표 체제","global_incident:leadership_service:kakao:executive_change","32.0","analysis_with_direct_risk,direct_risk,general","google_rss_v44_final_artifact_sync_only","CEO_Morning_Briefing"
"2026-06-23","I078","government_ai_core_policy:글로벌 가상화 라이선스 대격변 투라인클라우드 하이브리드 daas 기술로 동남아 인프라 시장 정조준","government_ai_core_policy","정부_국회","4","","","True","government ai core policy 글로벌 가상화 라이선스 대격변 투라인클라우드 하이브리드 daas 기술로 동남아 인프라 시장 정조준","","14.0","general","google_rss_v44_final_artifact_sync_only","CEO_Morning_Briefing"
"2026-06-23","I085","global_incident:platform_regulation:kakao:platform_regulation","self_privacy_security","자사_및_계열사_이슈","5","","","True","global incident platform regulation kakao platform regulation","privacy_security:kakao:data_leak","24.0","business_change,direct_risk,general","google_rss_v44_final_artifact_sync_only","CEO_Morning_Briefing"
"2026-06-23","I090","global_incident:platform_regulation:platform_sector:platform_regulation","government_regulatory_enforcement","정부_국회","5","","","True","global incident platform regulation platform sector platform regulation","global_incident:platform_regulation:platform_sector:platform_regulation","24.0","business_change,direct_risk,general,official_action","google_rss_v44_final_artifact_sync_only","CEO_Morning_Briefing"
"2026-06-23","I153","global_incident:digital_asset_policy:digital_asset_sector:stablecoin_policy","government_digital_finance_policy","정부_국회","4","","","True","global incident digital asset policy digital asset sector stablecoin policy","global_incident:digital_asset_policy:digital_asset_sector:stablecoin_policy","14.0","general","google_rss_v44_final_artifact_sync_only","CEO_Morning_Briefing"
"2026-06-24","I001","comp_domestic_ai_platform:네이버 엔비디아 dsx로 ai 팩토리 짓는다 55mw로 시작해 기가와트급 소버린 ai로","comp_domestic_ai_platform","경쟁사_해외이슈","4","","","True","comp domestic ai platform 네이버 엔비디아 dsx로 ai 팩토리 짓는다 55mw로 시작해 기가와트급 소버린 ai로","event:네이버:ai_infrastructure_security","14.0","business_change","google_rss_v44_final_artifact_sync_only","CEO_Morning_Briefing"
"2026-06-24","I003","국가 AI 인프라/AIDC/GPU 정책","comp_domestic_ai_platform","경쟁사_해외이슈","5","","","True","국가 ai 인프라 aidc gpu 정책","event:KT:ai_infrastructure_security+policy_legislation","24.0","analysis_feature,business_change,general","google_rss_v44_final_artifact_sync_only","CEO_Morning_Briefing"
"2026-06-24","I005","comp_domestic_ai_platform:네이버클라우드 제조 ax 협력 확대한다","comp_domestic_ai_platform","경쟁사_해외이슈","4","","","True","comp domestic ai platform 네이버클라우드 제조 ax 협력 확대한다","event:네이버:ai_infrastructure_security","24.0","general","google_rss_v44_final_artifact_sync_only","CEO_Morning_Briefing"
"2026-06-24","I012","comp_domestic_ai_platform:네이버클라우드 지멘스 제조 산업 ai 전환 ax 가속화","comp_domestic_ai_platform","경쟁사_해외이슈","4","","","True","comp domestic ai platform 네이버클라우드 지멘스 제조 산업 ai 전환 ax 가속화","event:네이버:ai_infrastructure_security","24.0","business_change","google_rss_v44_final_artifact_sync_only","CEO_Morning_Briefing"
"2026-06-24","I038","comp_domestic_ai_platform:ai 이슈 네이버 ai가 광고대행사 된다 검색광고 운영까지 통째로 맡긴다","comp_domestic_ai_platform","경쟁사_해외이슈","4","","","True","comp domestic ai platform ai 네이버 ai가 광고대행사 된다 검색광고 운영까지 통째로 맡긴다","event:네이버:ai_infrastructure_security","14.0","business_change","google_rss_v44_final_artifact_sync_only","CEO_Morning_Briefing"
"2026-06-24","I041","global_incident:mna_capital:kakao:mna_capital","self_governance_mna","자사_및_계열사_이슈","5","","","True","global incident mna capital kakao mna capital","global_incident:mna_capital:kakao:mna_capital","24.0","direct_risk","google_rss_v44_final_artifact_sync_only","CEO_Morning_Briefing"
"2026-06-24","I044","카카오게임즈 최대주주 변경 및 공동대표 체제","self_strategic_reference","자사_및_계열사_이슈","5","","","True","카카오게임즈 최대주주 변경 및 공동대표 체제","global_incident:leadership_service:kakao:leadership_service","24.0","direct_risk,general","google_rss_v44_final_artifact_sync_only","CEO_Morning_Briefing"
"2026-06-24","I047","global_incident:platform_regulation:platform_sector:platform_regulation","government_regulatory_enforcement","정부_국회","5","","","True","global incident platform regulation platform sector platform regulation","global_incident:platform_regulation:platform_sector:platform_regulation","24.0","business_change,direct_risk,general,official_action","google_rss_v44_final_artifact_sync_only","CEO_Morning_Briefing"
"2026-06-24","I055","global_incident:platform_regulation:coupang:platform_operator_obligation","comp_domestic_direct_risk","정부_국회","4","","","True","global incident platform regulation coupang platform operator obligation","global_incident:platform_regulation:coupang:platform_operator_obligation","24.0","official_action","google_rss_v44_final_artifact_sync_only","CEO_Morning_Briefing"
"2026-06-24","I062","가상자산 이전거래/AML 규제 조정","government_regulatory_enforcement","정부_국회","5","","","True","가상자산 이전거래 aml 규제 조정","global_incident:digital_asset_policy:financial_authority:vasp_aml_rulemaking","14.0","general","google_rss_v44_final_artifact_sync_only","CEO_Morning_Briefing"
"2026-06-24","I065","global_incident:digital_asset_policy:digital_asset_sector:digital_asset_policy","government_digital_finance_policy","정부_국회","5","","","True","global incident digital asset policy digital asset sector digital asset policy","global_incident:digital_asset_policy:digital_asset_sector:digital_asset_policy","14.0","general,official_action","google_rss_v44_final_artifact_sync_only","CEO_Morning_Briefing"
"2026-06-24","I079","global_incident:platform_regulation:fair_trade_authority:platform_regulation","government_ai_core_policy","정부_국회","5","","","True","global incident platform regulation fair trade authority platform regulation","global_incident:platform_regulation:fair_trade_authority:platform_regulation","14.0","business_change,general,official_action","google_rss_v44_final_artifact_sync_only","CEO_Morning_Briefing"
"2026-06-24","I185","self_filler_reference:카카오 지속가능성 보고서 발간 데이터센터 온실가스 4753톤 감축","self_filler_reference","자사_및_계열사_이슈","2","","","True","self filler reference 카카오 지속가능성 보고서 발간 데이터센터 온실가스 4753톤 감축","event:카카오:ai_infrastructure_security+platform_obligation","24.0","general","google_rss_v44_final_artifact_sync_only","CEO_Morning_Briefing"
"2026-06-25","I002","카카오게임즈 최대주주 변경 및 공동대표 체제","self_strategic_reference","자사_및_계열사_이슈","5","","","True","카카오게임즈 최대주주 변경 및 공동대표 체제","global_incident:leadership_service:kakao:leadership_service","24.0","direct_risk","google_rss_v44_final_artifact_sync_only","CEO_Morning_Briefing"
"2026-06-25","I004","comp_domestic_ai_platform:네이버클라우드 엔비디아 이어 지멘스까지 ai 동맹 확대","comp_domestic_ai_platform","경쟁사_해외이슈","4","","","True","comp domestic ai platform 네이버클라우드 엔비디아 이어 지멘스까지 ai 동맹 확대","event:네이버:ai_infrastructure_security","14.0","business_change","google_rss_v44_final_artifact_sync_only","CEO_Morning_Briefing"
"2026-06-25","I005","comp_domestic_ai_platform:네이버클라우드 엔비디아와 키우는 소버린ai 글로벌 표준 흐름은 따라야","comp_domestic_ai_platform","경쟁사_해외이슈","4","","","True","comp domestic ai platform 네이버클라우드 엔비디아와 키우는 소버린ai 글로벌 표준 흐름은 따라야","event:네이버:ai_infrastructure_security","14.0","business_change","google_rss_v44_final_artifact_sync_only","CEO_Morning_Briefing"
"2026-06-25","I006","comp_domestic_strategy:제2의 대박 될까 skt 투자 펭귄솔루션스 엔비디아 파트너 선정","comp_domestic_strategy","경쟁사_해외이슈","4","","","True","comp domestic strategy 제2의 대박 될까 skt 투자 펭귄솔루션스 엔비디아 파트너 선정","","14.0","general","google_rss_v44_final_artifact_sync_only","CEO_Morning_Briefing"
"2026-06-25","I019","comp_domestic_ai_platform:네이버클라우드 지멘스와 맞손 제조 현장 ax 공략","comp_domestic_ai_platform","경쟁사_해외이슈","4","","","True","comp domestic ai platform 네이버클라우드 지멘스와 맞손 제조 현장 ax 공략","event:네이버:ai_infrastructure_security","14.0","general","google_rss_v44_final_artifact_sync_only","CEO_Morning_Briefing"
"2026-06-25","I048","global_incident:digital_asset_policy:naver:stablecoin_policy","comp_domestic_finance_commerce","경쟁사_해외이슈","4","","","True","global incident digital asset policy naver stablecoin policy","global_incident:digital_asset_policy:naver:stablecoin_policy","29.0","general","google_rss_v44_final_artifact_sync_only","CEO_Morning_Briefing"
"2026-06-25","I049","comp_domestic_public_infra:세종 데이터센터에 정부 전용 ai 리전 두겠다 네이버 정부에 제안","comp_domestic_public_infra","경쟁사_해외이슈","4","","","True","comp domestic public infra 세종 데이터센터에 정부 전용 ai 리전 두겠다 네이버 정부에 제안","event:네이버:ai_infrastructure_security","14.0","business_change","google_rss_v44_final_artifact_sync_only","CEO_Morning_Briefing"
"2026-06-25","I057","self_privacy_security:카카오페이손보 iso 27001 27017 동시 획득 글로벌 보안 경쟁력 입증","self_privacy_security","자사_및_계열사_이슈","5","","","True","self privacy security 카카오페이손보 iso 27001 27017 동시 획득 글로벌 보안 경쟁력 입증","event:카카오+카카오페이:phishing_security+privacy_security_reliability","24.0","direct_risk","google_rss_v44_final_artifact_sync_only","CEO_Morning_Briefing"
"2026-06-25","I066","global_incident:ai_security_policy:sector:anthropic_glasswing_security","comp_overseas_regulation_data","정부_국회","4","","","True","global incident ai security policy sector anthropic glasswing security","global_incident:ai_security_policy:sector:anthropic_glasswing_security","24.0","business_change,direct_risk","google_rss_v44_final_artifact_sync_only","CEO_Morning_Briefing"
"2026-06-25","I091","global_incident:digital_asset_policy:digital_asset_sector:digital_asset_policy","government_regulatory_enforcement","정부_국회","5","","","True","global incident digital asset policy digital asset sector digital asset policy","global_incident:digital_asset_policy:digital_asset_sector:digital_asset_policy","24.0","direct_risk,official_action","google_rss_v44_final_artifact_sync_only","CEO_Morning_Briefing"
"2026-06-25","I094","global_incident:platform_regulation:bithumb:platform_data_protection_obligation","government_regulatory_enforcement","정부_국회","5","","","True","global incident platform regulation bithumb platform data protection obligation","privacy_security:bithumb:data_leak","29.0","official_action","google_rss_v44_final_artifact_sync_only","CEO_Morning_Briefing"
"2026-06-25","I104","self_privacy_security:카카오페이손보 정보보호 클라우드 보안 국제인증 동시 획득","self_privacy_security","자사_및_계열사_이슈","5","","","True","self privacy security 카카오페이손보 정보보호 클라우드 보안 국제인증 동시 획득","event:카카오+카카오페이:phishing_security+privacy_security_reliability","24.0","direct_risk","google_rss_v44_final_artifact_sync_only","CEO_Morning_Briefing"
"2026-06-25","I121","government_ai_core_policy:ai발 공급망 공격 막는다 정부 sw 보안 로드맵 발표","government_ai_core_policy","정부_국회","5","","","True","government ai core policy ai발 공급망 공격 막는다 정부 sw 보안 로드맵 발표","","14.0","direct_risk","google_rss_v44_final_artifact_sync_only","CEO_Morning_Briefing"
"2026-06-26","I001","global_incident:platform_regulation:naver:coupang_designation_disclosure","comp_domestic_direct_risk","경쟁사_해외이슈","4","","","True","global incident platform regulation naver coupang designation disclosure","privacy_security:coupang:data_leak","14.0","direct_risk","google_rss_v44_final_artifact_sync_only","CEO_Morning_Briefing"
"2026-06-26","I003","국가 AI 인프라/AIDC/GPU 정책","comp_domestic_ai_platform","정부_국회","5","","","True","국가 ai 인프라 aidc gpu 정책","global_incident:platform_regulation:kakao:platform_regulation","24.0","business_change,direct_risk,general","google_rss_v44_final_artifact_sync_only","CEO_Morning_Briefing"
"2026-06-26","I006","comp_domestic_ai_platform:네이버 ai 중심 통합보고서 발간 글로벌 커머스 스타트업 신규 투자","comp_domestic_ai_platform","경쟁사_해외이슈","4","","","True","comp domestic ai platform 네이버 ai 중심 통합보고서 발간 글로벌 커머스 스타트업 신규 투자","event:네이버:ai_infrastructure_security+platform_obligation","14.0","business_change","google_rss_v44_final_artifact_sync_only","CEO_Morning_Briefing"
"2026-06-26","I048","comp_domestic_strategy:lgu+ 세계 첫 아이패드 iptv 출시 애플 유저 공략","comp_domestic_strategy","경쟁사_해외이슈","4","","","True","comp domestic strategy lgu 세계 첫 아이패드 iptv 출시 애플 유저 공략","","14.0","general","google_rss_v44_final_artifact_sync_only","CEO_Morning_Briefing"
"2026-06-26","I067","self_privacy_security:카카오페이손보 글로벌 보안 인증 동시 획득 정보보호 역량 입증","self_privacy_security","자사_및_계열사_이슈","5","","","True","self privacy security 카카오페이손보 글로벌 보안 인증 동시 획득 정보보호 역량 입증","event:카카오+카카오페이:phishing_security+privacy_security_reliability","14.0","direct_risk","google_rss_v44_final_artifact_sync_only","CEO_Morning_Briefing"
"2026-06-26","I073","self_strategic_reference:카카오 kt클라우드 ai 안전성 협력 확대 공공 금융 ai 신뢰성 강화","self_strategic_reference","자사_및_계열사_이슈","4","","","True","self strategic reference 카카오 kt클라우드 ai 안전성 협력 확대 공공 금융 ai 신뢰성 강화","event:카카오:ai_infrastructure_security","24.0","business_change","google_rss_v44_final_artifact_sync_only","CEO_Morning_Briefing"
"2026-06-26","I077","self_strategic_reference:kt클라우드 카카오 ai 안정성 협력체계 구축","self_strategic_reference","자사_및_계열사_이슈","4","","","True","self strategic reference kt클라우드 카카오 ai 안정성 협력체계 구축","event:카카오:ai_infrastructure_security","24.0","business_change","google_rss_v44_final_artifact_sync_only","CEO_Morning_Briefing"
"2026-06-26","I078","self_strategic_reference:kt클라우드 카카오 ai 안전성 기술 협력","self_strategic_reference","자사_및_계열사_이슈","4","","","True","self strategic reference kt클라우드 카카오 ai 안전성 기술 협력","event:카카오:ai_infrastructure_security","24.0","business_change","google_rss_v44_final_artifact_sync_only","CEO_Morning_Briefing"
"2026-06-26","I081","government_ai_core_policy:정책포커스 금융위 글로벌 스탠다드 ai 디지털 자본시장 설계 혁신의 출발점은 투자자 보호","government_ai_core_policy","정부_국회","5","","","True","government ai core policy 정책포커스 금융위 글로벌 스탠다드 ai 디지털 자본시장 설계 혁신의 출발점은 투자자 보호","event:금융위:ai_infrastructure_security+policy_legislation","14.0","business_change","google_rss_v44_final_artifact_sync_only","CEO_Morning_Briefing"
"2026-06-26","I090","comp_overseas_regulation_data:미국 ai 경쟁의 심장부 구글 데이터센터 첫 공개","comp_overseas_regulation_data","경쟁사_해외이슈","4","","","True","comp overseas regulation data 미국 ai 경쟁의 심장부 구글 데이터센터 첫 공개","event:구글:ai_infrastructure_security+labor_dispute","24.0","business_change","google_rss_v44_final_artifact_sync_only","CEO_Morning_Briefing"
"2026-06-26","I095","global_incident:platform_regulation:platform_sector:platform_data_protection_obligation","comp_domestic_direct_risk","정부_국회","4","","","True","global incident platform regulation platform sector platform data protection obligation","global_incident:platform_regulation:platform_sector:platform_data_protection_obligation","24.0","direct_risk","google_rss_v44_final_artifact_sync_only","CEO_Morning_Briefing"
"2026-06-26","I104","global_incident:platform_regulation:bithumb:platform_data_protection_obligation","government_regulatory_enforcement","정부_국회","5","","","True","global incident platform regulation bithumb platform data protection obligation","privacy_security:bithumb:data_leak","19.0","official_action","google_rss_v44_final_artifact_sync_only","CEO_Morning_Briefing"
"2026-06-26","I130","government_ai_core_policy:과기정통부 국정원 sw 공급망 보안 강화 로드맵 공개 ai 사이버 위협 차단","government_ai_core_policy","정부_국회","5","","","True","government ai core policy 과기정통부 국정원 sw 공급망 보안 강화 로드맵 공개 ai 사이버 위협 차단","event:과기정통부:ai_infrastructure_security+phishing_security","14.0","direct_risk","google_rss_v44_final_artifact_sync_only","CEO_Morning_Briefing"
"2026-06-26","I131","government_ai_core_policy:정부 ai 사이버공격 대응 나선다 sw 공급망 보안 로드맵 발표","government_ai_core_policy","정부_국회","5","","","True","government ai core policy 정부 ai 사이버공격 대응 나선다 sw 공급망 보안 로드맵 발표","","14.0","direct_risk","google_rss_v44_final_artifact_sync_only","CEO_Morning_Briefing"
"2026-06-30","I005","comp_domestic_public_infra:공공 ai 생태계 풀스택 파트너 되겠다 네이버클라우드 ax 시장 정조준","comp_domestic_public_infra","경쟁사_해외이슈","4","","","True","comp domestic public infra 공공 ai 생태계 풀스택 파트너 되겠다 네이버클라우드 ax 시장 정조준","event:네이버:ai_infrastructure_security+government_ai","14.0","business_change","google_rss_v44_final_artifact_sync_only","CEO_Morning_Briefing"
"2026-06-30","I007","comp_domestic_ai_platform:프리미엄 픽 lg유플러스 유튜브 프리미엄 구글 ai 프로 결합 상품 출시","comp_domestic_ai_platform","경쟁사_해외이슈","4","","","True","comp domestic ai platform 프리미엄 픽 lg유플러스 유튜브 프리미엄 구글 ai 프로 결합 상품 출시","event:LGU++구글:ai_infrastructure_security","14.0","business_change","google_rss_v44_final_artifact_sync_only","CEO_Morning_Briefing"
"2026-06-30","I009","comp_domestic_public_infra:kt 5g 업무망 거점형 서비스 선봬 공공기관 디지털 전환 보안 강화","comp_domestic_public_infra","경쟁사_해외이슈","4","","","True","comp domestic public infra kt 5g 업무망 거점형 서비스 선봬 공공기관 디지털 전환 보안 강화","event:KT:phishing_security+privacy_security_reliability","14.0","direct_risk","google_rss_v44_final_artifact_sync_only","CEO_Morning_Briefing"
"2026-06-30","I020","국가 AI 인프라/AIDC/GPU 정책","comp_domestic_ai_platform","경쟁사_해외이슈","5","","","True","국가 ai 인프라 aidc gpu 정책","event:SKT:ai_infrastructure_security+aidc_datacenter","24.0","analysis_feature,business_change,direct_risk,general","google_rss_v44_final_artifact_sync_only","CEO_Morning_Briefing"
"2026-06-30","I022","global_incident:mna_capital:naver:mna_capital","comp_domestic_ai_platform","경쟁사_해외이슈","4","","","True","global incident mna capital naver mna capital","global_incident:mna_capital:naver:mna_capital","24.0","direct_risk","google_rss_v44_final_artifact_sync_only","CEO_Morning_Briefing"
"2026-06-30","I032","self_strategic_reference:카카오 kt클라우드와 안전한 ai생태계 구축 맞손","self_strategic_reference","자사_및_계열사_이슈","4","","","True","self strategic reference 카카오 kt클라우드와 안전한 ai생태계 구축 맞손","event:카카오:ai_infrastructure_security","14.0","business_change","google_rss_v44_final_artifact_sync_only","CEO_Morning_Briefing"
"2026-06-30","I033","카카오게임즈 최대주주 변경 및 공동대표 체제","self_governance_mna","자사_및_계열사_이슈","5","","","True","카카오게임즈 최대주주 변경 및 공동대표 체제","global_incident:leadership_service:kakao:leadership_service","24.0","direct_risk","google_rss_v44_final_artifact_sync_only","CEO_Morning_Briefing"
"2026-06-30","I035","global_incident:platform_enforcement:microsoft:privacy_data_violation","comp_overseas_regulation_data","정부_국회","5","","","True","global incident platform enforcement microsoft privacy data violation","v27:platform_enforcement:microsoft:privacy_data_violation","14.0","direct_risk","google_rss_v44_final_artifact_sync_only","CEO_Morning_Briefing"
"2026-06-30","I040","government_appointment_governance:이강일 의원 글로벌 빅테크 조세회피 차단법 대표발의","government_appointment_governance","정부_국회","5","","","True","government appointment governance 이강일 의원 글로벌 빅테크 조세회피 차단법 대표발의","","14.0","direct_risk","google_rss_v44_final_artifact_sync_only","CEO_Morning_Briefing"
"2026-06-30","I055","global_incident:privacy_security:kakao:kakao","self_privacy_security","자사_및_계열사_이슈","5","","","True","global incident privacy security kakao kakao","privacy_security:kakao:service_outage","24.0","direct_risk","google_rss_v44_final_artifact_sync_only","CEO_Morning_Briefing"
"2026-06-30","I062","government_ai_core_policy:정부 제조 ax 에 20조원 투입 숙련공 노하우 ai로 바꿔 글로벌 선도","government_ai_core_policy","정부_국회","5","","","True","government ai core policy 정부 제조 ax 에 20조원 투입 숙련공 노하우 ai로 바꿔 글로벌 선도","","14.0","business_change","google_rss_v44_final_artifact_sync_only","CEO_Morning_Briefing"
"2026-06-30","I064","AI 정책 컨트롤타워 인선/공백","government_ai_core_policy","정부_국회","5","","","True","ai 정책 컨트롤타워 인선 공백","event:과기정통부:ai_infrastructure_security+leadership_change","24.0","business_change","google_rss_v44_final_artifact_sync_only","CEO_Morning_Briefing"
"2026-06-30","I103","global_incident:ai_security_policy:sector:anthropic_glasswing_security","comp_overseas_platform_ai","경쟁사_해외이슈","4","","","True","global incident ai security policy sector anthropic glasswing security","global_incident:ai_security_policy:sector:anthropic_glasswing_security","24.0","business_change,direct_risk,general,official_action","google_rss_v44_final_artifact_sync_only","CEO_Morning_Briefing"
"2026-07-01","I001","comp_domestic_ai_platform:aai탭 띄운 네이버 토큰 폭증 대비 1gw ai팩토리 gs도 2 4gw 승부수","comp_domestic_ai_platform","경쟁사_해외이슈","4","","","True","comp domestic ai platform aai탭 띄운 네이버 토큰 폭증 대비 1gw ai팩토리 gs도 2 4gw 승부수","event:네이버:ai_infrastructure_security","14.0","business_change","google_rss_v44_final_artifact_sync_only","CEO_Morning_Briefing"
"2026-07-01","I004","comp_domestic_ai_platform:네이버 쇼핑 ai 에이전트 정식 출시 대화하며 구매까지 제안","comp_domestic_ai_platform","경쟁사_해외이슈","4","","","True","comp domestic ai platform 네이버 쇼핑 ai 에이전트 정식 출시 대화하며 구매까지 제안","event:네이버:ai_infrastructure_security","24.0","business_change","google_rss_v44_final_artifact_sync_only","CEO_Morning_Briefing"
"2026-07-01","I007","comp_domestic_ai_platform:lgu+ 지속가능경영보고서 발간 보안 ai 탄소중립 성과 담아","comp_domestic_ai_platform","경쟁사_해외이슈","4","","","True","comp domestic ai platform lgu 지속가능경영보고서 발간 보안 ai 탄소중립 성과 담아","event:LGU+:ai_infrastructure_security+phishing_security","24.0","direct_risk","google_rss_v44_final_artifact_sync_only","CEO_Morning_Briefing"
"2026-07-01","I020","global_incident:privacy_security:skt:skt","comp_domestic_direct_risk","경쟁사_해외이슈","4","","","True","global incident privacy security skt skt","privacy_security:skt:data_leak","24.0","direct_risk","google_rss_v44_final_artifact_sync_only","CEO_Morning_Briefing"
"2026-07-01","I032","self_privacy_security:ai 시대 보안은 필수 네이버 카카오 정보보호 투자 역대 최대","self_privacy_security","자사_및_계열사_이슈","5","","","True","self privacy security ai 시대 보안은 필수 네이버 카카오 정보보호 투자 역대 최대","event:네이버+카카오:ai_infrastructure_security+phishing_security","24.0","direct_risk","google_rss_v44_final_artifact_sync_only","CEO_Morning_Briefing"
"2026-07-01","I043","global_incident:platform_enforcement:google:app_market_payment_fee","government_platform_regulation","정부_국회","5","","","True","global incident platform enforcement google app market payment fee","v27:platform_enforcement:google:app_market_payment_fee","24.0","official_action","google_rss_v44_final_artifact_sync_only","CEO_Morning_Briefing"
"2026-07-01","I045","global_incident:platform_regulation:kakao:platform_regulation","self_strategic_reference","자사_및_계열사_이슈","5","","","True","global incident platform regulation kakao platform regulation","global_incident:platform_regulation:kakao:platform_regulation","24.0","direct_risk,general","google_rss_v44_final_artifact_sync_only","CEO_Morning_Briefing"
"2026-07-01","I047","global_incident:platform_enforcement:google:delivery_platform_fee_mfn","government_platform_regulation","정부_국회","5","","","True","global incident platform enforcement google delivery platform fee mfn","v27:platform_enforcement:google:delivery_platform_fee_mfn","24.0","official_action","google_rss_v44_final_artifact_sync_only","CEO_Morning_Briefing"
"2026-07-01","I048","global_incident:ai_security_policy:toss:anthropic_glasswing_security","comp_domestic_public_infra","정부_국회","4","","","True","global incident ai security policy toss anthropic glasswing security","global_incident:ai_security_policy:toss:anthropic_glasswing_security","24.0","general","google_rss_v44_final_artifact_sync_only","CEO_Morning_Briefing"
"2026-07-01","I063","global_incident:privacy_security:kakao:kakao","self_legal_regulatory","자사_및_계열사_이슈","5","","","True","global incident privacy security kakao kakao","privacy_security:kakao:data_leak","24.0","direct_risk","google_rss_v44_final_artifact_sync_only","CEO_Morning_Briefing"
"2026-07-01","I074","comp_overseas_platform_ai:삼성 sk 하이닉스 공급망 흔든다 엔비디아 ms ai pc 동맹의 파장","comp_overseas_platform_ai","경쟁사_해외이슈","4","","","True","comp overseas platform ai 삼성 sk 하이닉스 공급망 흔든다 엔비디아 ms ai pc 동맹의 파장","","14.0","business_change","google_rss_v44_final_artifact_sync_only","CEO_Morning_Briefing"
"2026-07-01","I079","global_incident:ai_security_policy:sector:anthropic_glasswing_security","comp_overseas_platform_ai","정부_국회","4","","","True","global incident ai security policy sector anthropic glasswing security","global_incident:ai_security_policy:sector:anthropic_glasswing_security","24.0","business_change,direct_risk,general,official_action","google_rss_v44_final_artifact_sync_only","CEO_Morning_Briefing"
"2026-07-01","I104","global_incident:digital_asset_policy:digital_asset_sector:stablecoin_policy","government_digital_finance_policy","정부_국회","4","","","True","global incident digital asset policy digital asset sector stablecoin policy","global_incident:digital_asset_policy:digital_asset_sector:stablecoin_policy","24.0","business_change,general","google_rss_v44_final_artifact_sync_only","CEO_Morning_Briefing"
"2026-07-02","I001","comp_domestic_ai_platform:네이버 엔비디아 손잡고 ai 팩토리 승부수 문제는 수익화 시간표","comp_domestic_ai_platform","경쟁사_해외이슈","4","","","True","comp domestic ai platform 네이버 엔비디아 손잡고 ai 팩토리 승부수 문제는 수익화 시간표","event:네이버:ai_infrastructure_security","14.0","business_change","google_rss_v44_final_artifact_sync_only","CEO_Morning_Briefing"
"2026-07-02","I003","comp_domestic_ai_platform:이제 네이버에서 대화로 검색 ai탭 정식 출시","comp_domestic_ai_platform","경쟁사_해외이슈","4","","","True","comp domestic ai platform 이제 네이버에서 대화로 검색 ai탭 정식 출시","event:네이버:ai_infrastructure_security","14.0","business_change","google_rss_v44_final_artifact_sync_only","CEO_Morning_Briefing"
"2026-07-02","I016","comp_domestic_strategy:lgu+ 지속가능경영보고서 발간 정보보안 강화 내용 고도화","comp_domestic_strategy","경쟁사_해외이슈","4","","","True","comp domestic strategy lgu 지속가능경영보고서 발간 정보보안 강화 내용 고도화","event:LGU+:phishing_security+privacy_security_reliability","24.0","direct_risk","google_rss_v44_final_artifact_sync_only","CEO_Morning_Briefing"
"2026-07-02","I017","comp_domestic_strategy:글로벌 투자자 눈에 비친 통신3사 lgu+ 거버넌스 우려 가장 커","comp_domestic_strategy","경쟁사_해외이슈","4","","","True","comp domestic strategy 글로벌 투자자 눈에 비친 통신3사 lgu 거버넌스 우려 가장 커","","14.0","general","google_rss_v44_final_artifact_sync_only","CEO_Morning_Briefing"
"2026-07-02","I033","국가 AI 인프라/AIDC/GPU 정책","comp_domestic_ai_platform","경쟁사_해외이슈","4","","","True","국가 ai 인프라 aidc gpu 정책","event:KT:ai_infrastructure_security+policy_legislation","29.0","analysis_feature,business_change,direct_risk,general","google_rss_v44_final_artifact_sync_only","CEO_Morning_Briefing"
"2026-07-02","I050","global_incident:platform_enforcement:google:app_market_payment_fee","government_platform_regulation","정부_국회","5","","","True","global incident platform enforcement google app market payment fee","v27:platform_enforcement:google:app_market_payment_fee","24.0","official_action","google_rss_v44_final_artifact_sync_only","CEO_Morning_Briefing"
"2026-07-02","I053","global_incident:platform_regulation:coupang:platform_operator_obligation","comp_domestic_public_infra","정부_국회","4","","","True","global incident platform regulation coupang platform operator obligation","global_incident:platform_regulation:coupang:platform_operator_obligation","24.0","general,official_action","google_rss_v44_final_artifact_sync_only","CEO_Morning_Briefing"
"2026-07-02","I070","global_incident:privacy_security:kakao:kakao","self_legal_regulatory","자사_및_계열사_이슈","5","","","True","global incident privacy security kakao kakao","privacy_security:kakao:data_leak","14.0","direct_risk","google_rss_v44_final_artifact_sync_only","CEO_Morning_Briefing"
"2026-07-02","I071","카카오 노조 임단협/파업 및 내부 갈등","self_labor","자사_및_계열사_이슈","5","","","True","카카오 노조 임단협 파업 및 내부 갈등","global_incident:labor_ir:kakao:strike_negotiation","32.0","direct_risk","google_rss_v44_final_artifact_sync_only","CEO_Morning_Briefing"
"2026-07-02","I072","government_ai_core_policy:한국기계연구원 ai 융합 인재 8명 공개채용 ax 탄소중립 역량 강화","government_ai_core_policy","정부_국회","4","","","True","government ai core policy 한국기계연구원 ai 융합 인재 8명 공개채용 ax 탄소중립 역량 강화","","14.0","business_change","google_rss_v44_final_artifact_sync_only","CEO_Morning_Briefing"
"2026-07-02","I073","global_incident:mna_capital:kakao:mna_capital","self_governance_mna","자사_및_계열사_이슈","5","","","True","global incident mna capital kakao mna capital","global_incident:mna_capital:kakao:mna_capital","24.0","direct_risk","google_rss_v44_final_artifact_sync_only","CEO_Morning_Briefing"
"2026-07-02","I081","global_incident:digital_asset_policy:digital_asset_sector:digital_asset_policy","government_appointment_governance","정부_국회","5","","","True","global incident digital asset policy digital asset sector digital asset policy","global_incident:digital_asset_policy:digital_asset_sector:digital_asset_policy","24.0","business_change,general","google_rss_v44_final_artifact_sync_only","CEO_Morning_Briefing"
"2026-07-02","I088","global_incident:ai_security_policy:sector:ai_security_policy","government_ai_core_policy","정부_국회","5","","","True","global incident ai security policy sector ai security policy","global_incident:ai_security_policy:sector:ai_security_policy","24.0","direct_risk","google_rss_v44_final_artifact_sync_only","CEO_Morning_Briefing"
"2026-07-03","I004","국가 AI 인프라/AIDC/GPU 정책","comp_domestic_ai_platform","경쟁사_해외이슈","5","","","True","국가 ai 인프라 aidc gpu 정책","event:SKT+구글:ai_infrastructure_security","24.0","business_change,direct_risk,general","google_rss_v44_final_artifact_sync_only","CEO_Morning_Briefing"
"2026-07-03","I011","global_incident:mna_capital:naver:dunamu_upbit_capital","comp_domestic_ai_platform","경쟁사_해외이슈","4","","","True","global incident mna capital naver dunamu upbit capital","global_incident:mna_capital:naver:dunamu_upbit_capital","24.0","direct_risk","google_rss_v44_final_artifact_sync_only","CEO_Morning_Briefing"
"2026-07-03","I012","self_strategic_reference:글로벌 ai 네이버 카카오와 손잡았다 한국 생태계 경쟁 본격화","self_strategic_reference","자사_및_계열사_이슈","4","","","True","self strategic reference 글로벌 ai 네이버 카카오와 손잡았다 한국 생태계 경쟁 본격화","event:네이버+카카오:ai_infrastructure_security","14.0","business_change","google_rss_v44_final_artifact_sync_only","CEO_Morning_Briefing"
"2026-07-03","I019","global_incident:ai_security_policy:naver:ai_security_policy","comp_domestic_ai_platform","경쟁사_해외이슈","4","","","True","global incident ai security policy naver ai security policy","global_incident:ai_security_policy:naver:ai_security_policy","24.0","direct_risk","google_rss_v44_final_artifact_sync_only","CEO_Morning_Briefing"
"2026-07-03","I026","global_incident:platform_enforcement:google:app_market_payment_fee","government_platform_regulation","정부_국회","5","","","True","global incident platform enforcement google app market payment fee","v27:platform_enforcement:google:app_market_payment_fee","14.0","official_action","google_rss_v44_final_artifact_sync_only","CEO_Morning_Briefing"
"2026-07-03","I028","global_incident:digital_asset_policy:digital_asset_sector:vasp_aml_rulemaking","comp_overseas_regulation_data","정부_국회","5","","","True","global incident digital asset policy digital asset sector vasp aml rulemaking","global_incident:digital_asset_policy:digital_asset_sector:vasp_aml_rulemaking","24.0","general,official_action","google_rss_v44_final_artifact_sync_only","CEO_Morning_Briefing"
"2026-07-03","I031","global_incident:leadership_service:kakao:leadership_service","self_filler_reference","자사_및_계열사_이슈","5","","","True","global incident leadership service kakao leadership service","global_incident:leadership_service:kakao:leadership_service","24.0","direct_risk","google_rss_v44_final_artifact_sync_only","CEO_Morning_Briefing"
"2026-07-03","I040","global_incident:platform_regulation:coupang:platform_operator_obligation","comp_domestic_direct_risk","정부_국회","4","","","True","global incident platform regulation coupang platform operator obligation","global_incident:platform_regulation:coupang:platform_operator_obligation","24.0","general,official_action","google_rss_v44_final_artifact_sync_only","CEO_Morning_Briefing"
"2026-07-03","I044","comp_overseas_regulation_data:메타 잉여 ai 연산능력 논란 데이터센터 투자 과잉 신호인가","comp_overseas_regulation_data","경쟁사_해외이슈","4","","","True","comp overseas regulation data 메타 잉여 ai 연산능력 논란 데이터센터 투자 과잉 신호인가","event:메타:ai_infrastructure_security","24.0","business_change","google_rss_v44_final_artifact_sync_only","CEO_Morning_Briefing"
"2026-07-03","I056","global_incident:platform_regulation:platform_sector:platform_data_protection_obligation","government_ai_core_policy","정부_국회","5","","","True","global incident platform regulation platform sector platform data protection obligation","global_incident:platform_regulation:platform_sector:platform_data_protection_obligation","24.0","direct_risk,official_action","google_rss_v44_final_artifact_sync_only","CEO_Morning_Briefing"
"2026-07-03","I064","global_incident:ai_security_policy:financial_authority:ai_security_policy","government_ai_core_policy","정부_국회","5","","","True","global incident ai security policy financial authority ai security policy","global_incident:ai_security_policy:financial_authority:ai_security_policy","24.0","direct_risk,official_action","google_rss_v44_final_artifact_sync_only","CEO_Morning_Briefing"
"2026-07-03","I078","global_incident:digital_asset_policy:digital_asset_sector:digital_asset_policy","government_appointment_governance","정부_국회","5","","","True","global incident digital asset policy digital asset sector digital asset policy","global_incident:digital_asset_policy:digital_asset_sector:digital_asset_policy","14.0","general","google_rss_v44_final_artifact_sync_only","CEO_Morning_Briefing"
"2026-07-03","I092","self_strategic_reference:카카오뱅크 데이터센터 전력 사용 급증으로 전기요금 부담 확대","self_strategic_reference","자사_및_계열사_이슈","4","","","True","self strategic reference 카카오뱅크 데이터센터 전력 사용 급증으로 전기요금 부담 확대","event:카카오+카카오뱅크:ai_infrastructure_security","14.0","general","google_rss_v44_final_artifact_sync_only","CEO_Morning_Briefing"
"2026-07-06","I001","global_incident:platform_regulation:coupang:coupang_designation_disclosure","comp_domestic_direct_risk","경쟁사_해외이슈","4","","","True","global incident platform regulation coupang coupang designation disclosure","privacy_security:coupang:data_leak","24.0","direct_risk","google_rss_v44_final_artifact_sync_only","CEO_Morning_Briefing"
"2026-07-06","I002","comp_domestic_strategy:엔비디아 블랙웰 1000장 품은 skt 해인 casp 보안 인증 획득","comp_domestic_strategy","경쟁사_해외이슈","4","","","True","comp domestic strategy 엔비디아 블랙웰 1000장 품은 skt 해인 casp 보안 인증 획득","event:SKT:phishing_security+privacy_security_reliability","24.0","direct_risk","google_rss_v44_final_artifact_sync_only","CEO_Morning_Briefing"
"2026-07-06","I003","global_incident:platform_regulation:coupang:platform_operator_obligation","comp_domestic_direct_risk","정부_국회","5","","","True","global incident platform regulation coupang platform operator obligation","global_incident:platform_regulation:coupang:platform_operator_obligation","14.0","business_change,general,official_action","google_rss_v44_final_artifact_sync_only","CEO_Morning_Briefing"
"2026-07-06","I006","comp_domestic_ai_platform:산단공 네이버클라우드 산업단지 ai 전환 맞손 입주기업 ax 지원 본격화","comp_domestic_ai_platform","경쟁사_해외이슈","4","","","True","comp domestic ai platform 산단공 네이버클라우드 산업단지 ai 전환 맞손 입주기업 ax 지원 본격화","event:네이버:ai_infrastructure_security","0.0","business_change","google_rss_v44_final_artifact_sync_only","CEO_Morning_Briefing"
"2026-07-06","I007","comp_domestic_ai_platform:lgu+ ai 정보보호 앞세운 esg 성과 공개","comp_domestic_ai_platform","경쟁사_해외이슈","4","","","True","comp domestic ai platform lgu ai 정보보호 앞세운 esg 성과 공개","event:LGU+:ai_infrastructure_security","14.0","business_change","google_rss_v44_final_artifact_sync_only","CEO_Morning_Briefing"
"2026-07-06","I013","global_incident:platform_regulation:skt:platform_regulation","comp_domestic_direct_risk","경쟁사_해외이슈","5","","","True","global incident platform regulation skt platform regulation","privacy_security:skt:data_leak","0.0","official_action","google_rss_v44_final_artifact_sync_only","CEO_Morning_Briefing"
"2026-07-06","I014","global_incident:platform_regulation:kt:platform_data_protection_obligation","comp_domestic_direct_risk","정부_국회","5","","","True","global incident platform regulation kt platform data protection obligation","privacy_security:kt:data_leak","0.0","official_action","google_rss_v44_final_artifact_sync_only","CEO_Morning_Briefing"
"2026-07-06","I025","global_incident:leadership_service:kakao:leadership_service","self_filler_reference","자사_및_계열사_이슈","5","","","True","global incident leadership service kakao leadership service","global_incident:leadership_service:kakao:leadership_service","29.0","direct_risk","google_rss_v44_final_artifact_sync_only","CEO_Morning_Briefing"
"2026-07-06","I026","comp_domestic_ai_platform:ai 메모리 병목의 해답 메타의 vistara와 cxl 기술이 여는 새로운 데이터센터 시대","comp_domestic_ai_platform","경쟁사_해외이슈","4","","","True","comp domestic ai platform ai 메모리 병목의 해답 메타의 vistara와 cxl 기술이 여는 새로운 데이터센터 시대","event:네이버+메타:ai_infrastructure_security","24.0","business_change","google_rss_v44_final_artifact_sync_only","CEO_Morning_Briefing"
"2026-07-06","I028","global_incident:platform_enforcement:google:app_market_payment_fee","government_platform_regulation","정부_국회","5","","","True","global incident platform enforcement google app market payment fee","v27:platform_enforcement:google:app_market_payment_fee","14.0","official_action","google_rss_v44_final_artifact_sync_only","CEO_Morning_Briefing"
"2026-07-06","I041","global_incident:digital_asset_policy:digital_asset_sector:digital_asset_policy","government_appointment_governance","정부_국회","5","","","True","global incident digital asset policy digital asset sector digital asset policy","global_incident:digital_asset_policy:digital_asset_sector:digital_asset_policy","24.0","analysis_with_direct_risk,general","google_rss_v44_final_artifact_sync_only","CEO_Morning_Briefing"
"2026-07-06","I042","카카오 노조 임단협/파업 및 내부 갈등","self_labor","자사_및_계열사_이슈","5","","","True","카카오 노조 임단협 파업 및 내부 갈등","global_incident:labor_ir:kakao:strike_negotiation","24.0","analysis_with_direct_risk,direct_risk","google_rss_v44_final_artifact_sync_only","CEO_Morning_Briefing"
"2026-07-06","I044","카카오게임즈 최대주주 변경 및 공동대표 체제","self_governance_mna","자사_및_계열사_이슈","5","","","True","카카오게임즈 최대주주 변경 및 공동대표 체제","global_incident:leadership_service:kakao:service_reform_backlash","24.0","direct_risk","google_rss_v44_final_artifact_sync_only","CEO_Morning_Briefing"
"2026-07-06","I086","global_incident:platform_regulation:kakao:platform_regulation","self_strategic_reference","자사_및_계열사_이슈","4","","","True","global incident platform regulation kakao platform regulation","global_incident:platform_regulation:kakao:platform_regulation","24.0","business_change,direct_risk,general","google_rss_v44_final_artifact_sync_only","CEO_Morning_Briefing"
"2026-07-07","I001","global_incident:platform_regulation:naver:coupang_designation_disclosure","comp_domestic_direct_risk","경쟁사_해외이슈","4","","","True","global incident platform regulation naver coupang designation disclosure","privacy_security:coupang:data_leak","14.0","direct_risk","google_rss_v44_final_artifact_sync_only","CEO_Morning_Briefing"
"2026-07-07","I010","comp_domestic_ai_platform:ai서머리 팀네이버 kai 방산 특화 ai 개발 메가존클라우드 파스칼 맞손","comp_domestic_ai_platform","경쟁사_해외이슈","4","","","True","comp domestic ai platform ai서머리 팀네이버 kai 방산 특화 ai 개발 메가존클라우드 파스칼 맞손","event:네이버:ai_infrastructure_security","24.0","business_change","google_rss_v44_final_artifact_sync_only","CEO_Morning_Briefing"
"2026-07-07","I013","comp_domestic_strategy:해외에서 무료로 국제 통화 lgu+ 익시오 로밍콜 서비스 출시","comp_domestic_strategy","경쟁사_해외이슈","4","","","True","comp domestic strategy 해외에서 무료로 국제 통화 lgu 익시오 로밍콜 서비스 출시","","14.0","business_change","google_rss_v44_final_artifact_sync_only","CEO_Morning_Briefing"
"2026-07-07","I021","국가 AI 인프라/AIDC/GPU 정책","comp_domestic_ai_platform","경쟁사_해외이슈","4","","","True","국가 ai 인프라 aidc gpu 정책","global_incident:platform_regulation:kt:platform_regulation","24.0","business_change,direct_risk,general","google_rss_v44_final_artifact_sync_only","CEO_Morning_Briefing"
"2026-07-07","I026","global_incident:platform_regulation:naver:platform_regulation","comp_domestic_ai_platform","정부_국회","4","","","True","global incident platform regulation naver platform regulation","global_incident:platform_regulation:naver:platform_regulation","24.0","analysis_feature,business_change,direct_risk,general,official_action","google_rss_v44_final_artifact_sync_only","CEO_Morning_Briefing"
"2026-07-07","I030","global_incident:platform_regulation:platform_sector:platform_regulation","industry_structural_change","정부_국회","5","","","True","global incident platform regulation platform sector platform regulation","global_incident:platform_regulation:platform_sector:platform_regulation","32.0","business_change,general,official_action","google_rss_v44_final_artifact_sync_only","CEO_Morning_Briefing"
"2026-07-07","I033","global_incident:platform_regulation:kakao:platform_content_moderation_obligation","self_strategic_reference","자사_및_계열사_이슈","4","","","True","global incident platform regulation kakao platform content moderation obligation","global_incident:platform_regulation:kakao:platform_content_moderation_obligation","42.0","general","google_rss_v44_final_artifact_sync_only","CEO_Morning_Briefing"
"2026-07-07","I034","global_incident:platform_regulation:fair_trade_authority:platform_regulation","comp_overseas_regulation_data","정부_국회","5","","","True","global incident platform regulation fair trade authority platform regulation","global_incident:platform_regulation:fair_trade_authority:platform_regulation","24.0","business_change,general","google_rss_v44_final_artifact_sync_only","CEO_Morning_Briefing"
"2026-07-07","I037","global_incident:platform_regulation:kakao:platform_regulation","self_filler_reference","자사_및_계열사_이슈","4","","","True","global incident platform regulation kakao platform regulation","global_incident:platform_regulation:kakao:platform_regulation","24.0","business_change,general","google_rss_v44_final_artifact_sync_only","CEO_Morning_Briefing"
"2026-07-07","I041","comp_domestic_ai_platform:7월 6일 미국 마감 다우 최고치 경신 ai 랠리의 다음 타자는 전력과 보안 feat sk하이닉스 미국행","comp_domestic_ai_platform","산업동향","4","","","True","comp domestic ai platform 7월 6일 미국 마감 다우 최고치 경신 ai 랠리의 다음 타자는 전력과 보안 feat sk하이닉스 미국행","event:네이버:ai_infrastructure_security+phishing_security","24.0","direct_risk","google_rss_v44_final_artifact_sync_only","CEO_Morning_Briefing"
"2026-07-07","I050","카카오 노조 임단협/파업 및 내부 갈등","self_labor","자사_및_계열사_이슈","5","","","True","카카오 노조 임단협 파업 및 내부 갈등","global_incident:labor_ir:kakao:strike_negotiation","14.0","direct_risk","google_rss_v44_final_artifact_sync_only","CEO_Morning_Briefing"
"2026-07-07","I052","government_ai_core_policy:딥엑스 일본 피지컬ai 행사서 현지 기업들과 엣지ai npu 도입 협의","government_ai_core_policy","정부_국회","4","","","True","government ai core policy 딥엑스 일본 피지컬ai 행사서 현지 기업들과 엣지ai npu 도입 협의","","14.0","business_change","google_rss_v44_final_artifact_sync_only","CEO_Morning_Briefing"
"2026-07-07","I054","government_ai_core_policy:딥엑스 피지컬 ai 엑스포서 상용화 협의 확대 현지 대기업들 npu 도입 검토","government_ai_core_policy","정부_국회","4","","","True","government ai core policy 딥엑스 피지컬 ai 엑스포서 상용화 협의 확대 현지 대기업들 npu 도입 검토","","14.0","business_change","google_rss_v44_final_artifact_sync_only","CEO_Morning_Briefing"
"2026-07-08","I002","comp_domestic_ai_platform:엔비디아도 함께한 ai 동맹 네이버 유럽 ai 기업과 전격 협력","comp_domestic_ai_platform","경쟁사_해외이슈","4","","","True","comp domestic ai platform 엔비디아도 함께한 ai 동맹 네이버 유럽 ai 기업과 전격 협력","event:네이버:ai_infrastructure_security","24.0","business_change","google_rss_v44_final_artifact_sync_only","CEO_Morning_Briefing"
"2026-07-08","I005","comp_domestic_ai_platform:lg전자 lg엔솔 lgu+ 2분기 실적 공개 ai 기반 음성 스팸 대응 체계 구축","comp_domestic_ai_platform","경쟁사_해외이슈","4","","","True","comp domestic ai platform lg전자 lg엔솔 lgu 2분기 실적 공개 ai 기반 음성 스팸 대응 체계 구축","event:LGU+:ai_infrastructure_security+financial_performance","14.0","direct_risk","google_rss_v44_final_artifact_sync_only","CEO_Morning_Briefing"
"2026-07-08","I016","comp_domestic_ai_platform:네이버 전주기 ai 안전성 체계 asf 2 0 공개","comp_domestic_ai_platform","경쟁사_해외이슈","4","","","True","comp domestic ai platform 네이버 전주기 ai 안전성 체계 asf 2 0 공개","event:네이버:ai_infrastructure_security","24.0","business_change","google_rss_v44_final_artifact_sync_only","CEO_Morning_Briefing"
"2026-07-08","I025","comp_domestic_strategy:kt 정보보안 체계 전면 개편 마스터플랜 가동","comp_domestic_strategy","경쟁사_해외이슈","4","","","True","comp domestic strategy kt 정보보안 체계 전면 개편 마스터플랜 가동","event:KT:phishing_security+privacy_security_reliability","24.0","direct_risk","google_rss_v44_final_artifact_sync_only","CEO_Morning_Briefing"
"2026-07-08","I041","global_incident:mna_capital:kt:mna_capital","comp_domestic_ai_platform","경쟁사_해외이슈","4","","","True","global incident mna capital kt mna capital","global_incident:mna_capital:kt:mna_capital","24.0","direct_risk","google_rss_v44_final_artifact_sync_only","CEO_Morning_Briefing"
"2026-07-08","I046","global_incident:platform_regulation:kakao:platform_content_moderation_obligation","self_filler_reference","자사_및_계열사_이슈","4","","","True","global incident platform regulation kakao platform content moderation obligation","global_incident:platform_regulation:kakao:platform_content_moderation_obligation","24.0","business_change,general","google_rss_v44_final_artifact_sync_only","CEO_Morning_Briefing"
"2026-07-08","I048","국가 AI 인프라/AIDC/GPU 정책","comp_domestic_ai_platform","정부_국회","5","","","True","국가 ai 인프라 aidc gpu 정책","event:KT+SKT:ai_infrastructure_security+policy_legislation","24.0","analysis_with_direct_risk,business_change,direct_risk,general","google_rss_v44_final_artifact_sync_only","CEO_Morning_Briefing"
"2026-07-08","I049","global_incident:platform_regulation:coupang:platform_operator_obligation","comp_domestic_direct_risk","정부_국회","4","","","True","global incident platform regulation coupang platform operator obligation","global_incident:platform_regulation:coupang:platform_operator_obligation","24.0","official_action","google_rss_v44_final_artifact_sync_only","CEO_Morning_Briefing"
"2026-07-08","I053","global_incident:platform_regulation:platform_sector:platform_regulation","government_ai_core_policy","정부_국회","5","","","True","global incident platform regulation platform sector platform regulation","global_incident:platform_regulation:platform_sector:platform_regulation","24.0","business_change,general,official_action","google_rss_v44_final_artifact_sync_only","CEO_Morning_Briefing"
"2026-07-08","I055","self_direct_risk:카카오페이증권 해외기업 실적발표 ai 번역 서비스 출시","self_direct_risk","자사_및_계열사_이슈","5","","","True","self direct risk 카카오페이증권 해외기업 실적발표 ai 번역 서비스 출시","event:카카오+카카오페이:ai_infrastructure_security+financial_performance","24.0","direct_risk","google_rss_v44_final_artifact_sync_only","CEO_Morning_Briefing"
"2026-07-08","I077","government_ai_core_policy:kait 내 한국형 인공지능 반도체 기술 지원센터 개소 국산 npu 시장 확산 본격화","government_ai_core_policy","정부_국회","4","","","True","government ai core policy kait 내 한국형 인공지능 반도체 기술 지원센터 개소 국산 npu 시장 확산 본격화","","14.0","business_change","google_rss_v44_final_artifact_sync_only","CEO_Morning_Briefing"
"2026-07-08","I081","카카오게임즈 최대주주 변경 및 공동대표 체제","self_governance_mna","자사_및_계열사_이슈","5","","","True","카카오게임즈 최대주주 변경 및 공동대표 체제","global_incident:leadership_service:kakao:leadership_service","24.0","direct_risk","google_rss_v44_final_artifact_sync_only","CEO_Morning_Briefing"
"2026-07-08","I094","government_ai_core_policy:이억원 금융위원장 광주 ai기업 글로벌 도약 정책금융으로 뒷받침","government_ai_core_policy","정부_국회","5","","","True","government ai core policy 이억원 금융위원장 광주 ai기업 글로벌 도약 정책금융으로 뒷받침","event:금융위:ai_infrastructure_security+policy_legislation","14.0","business_change","google_rss_v44_final_artifact_sync_only","CEO_Morning_Briefing"
"2026-07-09","I001","국가 AI 인프라/AIDC/GPU 정책","comp_domestic_ai_platform","정부_국회","5","","","True","국가 ai 인프라 aidc gpu 정책","global_incident:platform_regulation:kakao:platform_regulation","24.0","business_change,direct_risk","google_rss_v44_final_artifact_sync_only","CEO_Morning_Briefing"
"2026-07-09","I003","comp_domestic_ai_platform:주가 누른 네이버 데이터센터 완공 땐 13조 가치","comp_domestic_ai_platform","경쟁사_해외이슈","4","","","True","comp domestic ai platform 주가 누른 네이버 데이터센터 완공 땐 13조 가치","event:네이버:ai_infrastructure_security+financial_performance","24.0","market_commentary","google_rss_v44_final_artifact_sync_only","CEO_Morning_Briefing"
"2026-07-09","I007","comp_domestic_ai_platform:네이버클라우드 미스트랄 ai와 제조 ax 위한 소버린 ai 동맹","comp_domestic_ai_platform","경쟁사_해외이슈","4","","","True","comp domestic ai platform 네이버클라우드 미스트랄 ai와 제조 ax 위한 소버린 ai 동맹","event:네이버:ai_infrastructure_security","14.0","business_change","google_rss_v44_final_artifact_sync_only","CEO_Morning_Briefing"
"2026-07-09","I022","comp_domestic_strategy:서도 무료로 통화하세요 lgu+ 익시오 로밍콜 출시","comp_domestic_strategy","경쟁사_해외이슈","4","","","True","comp domestic strategy 서도 무료로 통화하세요 lgu 익시오 로밍콜 출시","","14.0","general","google_rss_v44_final_artifact_sync_only","CEO_Morning_Briefing"
"2026-07-09","I031","self_strategic_reference:허위정보법 대상 사업자 공개 네이버 카카오 구글 등 8곳","self_strategic_reference","자사_및_계열사_이슈","4","","","True","self strategic reference 허위정보법 대상 사업자 공개 네이버 카카오 구글 등 8곳","","14.0","general","google_rss_v44_final_artifact_sync_only","CEO_Morning_Briefing"
"2026-07-09","I037","global_incident:privacy_security:coupang:coupang","comp_domestic_direct_risk","경쟁사_해외이슈","4","","","True","global incident privacy security coupang coupang","privacy_security:coupang:data_leak","24.0","direct_risk","google_rss_v44_final_artifact_sync_only","CEO_Morning_Briefing"
"2026-07-09","I038","global_incident:leadership_service:coupang:executive_change","comp_domestic_public_infra","경쟁사_해외이슈","4","","","True","global incident leadership service coupang executive change","global_incident:leadership_service:coupang:executive_change","24.0","direct_risk","google_rss_v44_final_artifact_sync_only","CEO_Morning_Briefing"
"2026-07-09","I051","AI 정책 컨트롤타워 인선/공백","government_ai_core_policy","정부_국회","5","","","True","ai 정책 컨트롤타워 인선 공백","","14.0","business_change","google_rss_v44_final_artifact_sync_only","CEO_Morning_Briefing"
"2026-07-09","I058","global_incident:ai_security_policy:sector:anthropic_glasswing_security","comp_overseas_regulation_data","정부_국회","4","","","True","global incident ai security policy sector anthropic glasswing security","global_incident:ai_security_policy:sector:anthropic_glasswing_security","24.0","business_change,direct_risk","google_rss_v44_final_artifact_sync_only","CEO_Morning_Briefing"
"2026-07-09","I068","global_incident:platform_regulation:platform_sector:platform_data_protection_obligation","government_platform_regulation","정부_국회","5","","","True","global incident platform regulation platform sector platform data protection obligation","global_incident:platform_regulation:platform_sector:platform_data_protection_obligation","24.0","direct_risk,official_action","google_rss_v44_final_artifact_sync_only","CEO_Morning_Briefing"
"2026-07-09","I089","global_incident:mna_capital:kakao:mna_capital","self_filler_reference","자사_및_계열사_이슈","5","","","True","global incident mna capital kakao mna capital","global_incident:mna_capital:kakao:mna_capital","24.0","analysis_with_direct_risk,business_change,direct_risk","google_rss_v44_final_artifact_sync_only","CEO_Morning_Briefing"
"2026-07-09","I090","self_direct_risk:카카오페이증권 해외 실적발표 실시간 번역 요약 매매까지 끊김없이","self_direct_risk","자사_및_계열사_이슈","5","","","True","self direct risk 카카오페이증권 해외 실적발표 실시간 번역 요약 매매까지 끊김없이","event:카카오+카카오페이:financial_performance","14.0","direct_risk","google_rss_v44_final_artifact_sync_only","CEO_Morning_Briefing"
"2026-07-09","I132","global_incident:digital_asset_policy:digital_asset_sector:digital_asset_policy","government_regulatory_enforcement","정부_국회","5","","","True","global incident digital asset policy digital asset sector digital asset policy","global_incident:digital_asset_policy:digital_asset_sector:digital_asset_policy","14.0","general","google_rss_v44_final_artifact_sync_only","CEO_Morning_Briefing"
"2026-07-10","I001","comp_domestic_ai_platform:네이버 투자에 엔비디아도 찜한 k ai 휴머노이드로 비바테크 접수","comp_domestic_ai_platform","경쟁사_해외이슈","4","","","True","comp domestic ai platform 네이버 투자에 엔비디아도 찜한 k ai 휴머노이드로 비바테크 접수","event:네이버:ai_infrastructure_security","14.0","business_change","google_rss_v44_final_artifact_sync_only","CEO_Morning_Briefing"
"2026-07-10","I002","comp_domestic_ai_platform:lgu+ ai로 음성 스팸 차단 강화한다 kisa와 협력","comp_domestic_ai_platform","정부_국회","4","","","True","comp domestic ai platform lgu ai로 음성 스팸 차단 강화한다 kisa와 협력","event:LGU+:ai_infrastructure_security","14.0","business_change","google_rss_v44_final_artifact_sync_only","CEO_Morning_Briefing"
"2026-07-10","I003","global_incident:ai_security_policy:toss:anthropic_glasswing_security","comp_domestic_ai_platform","경쟁사_해외이슈","4","","","True","global incident ai security policy toss anthropic glasswing security","global_incident:ai_security_policy:toss:anthropic_glasswing_security","14.0","business_change,direct_risk","google_rss_v44_final_artifact_sync_only","CEO_Morning_Briefing"
"2026-07-10","I004","AI 정책 컨트롤타워 인선/공백","government_ai_core_policy","정부_국회","5","","","True","ai 정책 컨트롤타워 인선 공백","event:네이버:ai_infrastructure_security+financial_performance","24.0","business_change,direct_risk,general","google_rss_v44_final_artifact_sync_only","CEO_Morning_Briefing"
"2026-07-10","I007","comp_domestic_ai_platform:네이버클라우드 미스트랄ai 제조업 겨냥한 소버린 ai 동맹","comp_domestic_ai_platform","경쟁사_해외이슈","4","","","True","comp domestic ai platform 네이버클라우드 미스트랄ai 제조업 겨냥한 소버린 ai 동맹","event:네이버:ai_infrastructure_security","14.0","business_change","google_rss_v44_final_artifact_sync_only","CEO_Morning_Briefing"
"2026-07-10","I010","comp_domestic_strategy:lgu+ it투자액 7 7 보안에 썼다 정보보호는 비용 아닌 투자","comp_domestic_strategy","경쟁사_해외이슈","4","","","True","comp domestic strategy lgu it투자액 7 7 보안에 썼다 정보보호는 비용 아닌 투자","event:LGU+:phishing_security+privacy_security_reliability","14.0","direct_risk","google_rss_v44_final_artifact_sync_only","CEO_Morning_Briefing"
"2026-07-10","I012","comp_domestic_strategy:kt 정보보호 투자 1 276억 통신사 최대 예방중심 보안체계로 전환","comp_domestic_strategy","경쟁사_해외이슈","4","","","True","comp domestic strategy kt 정보보호 투자 1 276억 통신사 최대 예방중심 보안체계로 전환","event:KT:phishing_security+privacy_security_reliability","24.0","direct_risk","google_rss_v44_final_artifact_sync_only","CEO_Morning_Briefing"
"2026-07-10","I027","self_strategic_reference:가짜 신분증 안 통한다 네이버페이 카카오페이 토스 진위 확인 시스템 도입","self_strategic_reference","자사_및_계열사_이슈","4","","","True","self strategic reference 가짜 신분증 안 통한다 네이버페이 카카오페이 토스 진위 확인 시스템 도입","","14.0","general","google_rss_v44_final_artifact_sync_only","CEO_Morning_Briefing"
"2026-07-10","I033","global_incident:platform_regulation:naver:platform_content_moderation_obligation","government_platform_regulation","정부_국회","5","","","True","global incident platform regulation naver platform content moderation obligation","global_incident:platform_regulation:naver:platform_content_moderation_obligation","14.0","general","google_rss_v44_final_artifact_sync_only","CEO_Morning_Briefing"
"2026-07-10","I067","global_incident:platform_regulation:fair_trade_authority:platform_regulation","government_regulatory_enforcement","정부_국회","5","","","True","global incident platform regulation fair trade authority platform regulation","global_incident:platform_regulation:fair_trade_authority:platform_regulation","14.0","direct_risk,official_action","google_rss_v44_final_artifact_sync_only","CEO_Morning_Briefing"
"2026-07-10","I077","global_incident:platform_regulation:kakao:platform_regulation","self_privacy_security","자사_및_계열사_이슈","5","","","True","global incident platform regulation kakao platform regulation","privacy_security:kakao:data_leak","24.0","direct_risk","google_rss_v44_final_artifact_sync_only","CEO_Morning_Briefing"
"2026-07-10","I080","global_incident:platform_regulation:kakao:platform_operator_obligation","self_strategic_reference","자사_및_계열사_이슈","5","","","True","global incident platform regulation kakao platform operator obligation","global_incident:platform_regulation:kakao:platform_operator_obligation","24.0","direct_risk,general,official_action","google_rss_v44_final_artifact_sync_only","CEO_Morning_Briefing"
"2026-07-10","I115","global_incident:digital_asset_policy:digital_asset_sector:stablecoin_policy","government_digital_finance_policy","정부_국회","4","","","True","global incident digital asset policy digital asset sector stablecoin policy","global_incident:digital_asset_policy:digital_asset_sector:stablecoin_policy","14.0","general","google_rss_v44_final_artifact_sync_only","CEO_Morning_Briefing"
"2026-07-13","I001","comp_domestic_ai_platform:종목분석 네이버 목표주가 30만 45만원 가른 ai 팩토리의 조건","comp_domestic_ai_platform","경쟁사_해외이슈","4","","","True","comp domestic ai platform 종목분석 네이버 목표주가 30만 45만원 가른 ai 팩토리의 조건","event:네이버:ai_infrastructure_security+financial_performance","-12.0","market_commentary","google_rss_v44_final_artifact_sync_only","CEO_Morning_Briefing"
"2026-07-13","I019","comp_domestic_strategy:skt kt 국내 최대 양자 전시회서 차세대 보안 기술 뽐낸다","comp_domestic_strategy","경쟁사_해외이슈","4","","","True","comp domestic strategy skt kt 국내 최대 양자 전시회서 차세대 보안 기술 뽐낸다","event:KT+SKT:phishing_security+privacy_security_reliability","24.0","direct_risk","google_rss_v44_final_artifact_sync_only","CEO_Morning_Briefing"
"2026-07-13","I022","comp_domestic_strategy:안전과 신뢰 kt lgu+ 글로벌 통신 보안 표준 선점 가속도","comp_domestic_strategy","경쟁사_해외이슈","4","","","True","comp domestic strategy 안전과 신뢰 kt lgu 글로벌 통신 보안 표준 선점 가속도","event:KT+LGU+:phishing_security+privacy_security_reliability","14.0","direct_risk","google_rss_v44_final_artifact_sync_only","CEO_Morning_Briefing"
"2026-07-13","I036","self_privacy_security:ai 경쟁만큼 치열한 보안 경쟁 네이버 카카오 전략 뜯어보니","self_privacy_security","자사_및_계열사_이슈","5","","","True","self privacy security ai 경쟁만큼 치열한 보안 경쟁 네이버 카카오 전략 뜯어보니","event:네이버+카카오:ai_infrastructure_security+phishing_security","14.0","direct_risk","google_rss_v44_final_artifact_sync_only","CEO_Morning_Briefing"
"2026-07-13","I038","국가 AI 인프라/AIDC/GPU 정책","comp_domestic_public_infra","경쟁사_해외이슈","5","","","True","국가 ai 인프라 aidc gpu 정책","event:KT:ai_infrastructure_security+financial_performance","24.0","analysis_feature,analysis_with_direct_risk,business_change,direct_risk","google_rss_v44_final_artifact_sync_only","CEO_Morning_Briefing"
"2026-07-13","I042","global_incident:platform_regulation:naver:platform_regulation","comp_domestic_strategy","정부_국회","4","","","True","global incident platform regulation naver platform regulation","global_incident:platform_regulation:naver:platform_regulation","14.0","direct_risk","google_rss_v44_final_artifact_sync_only","CEO_Morning_Briefing"
"2026-07-13","I043","global_incident:platform_regulation:coupang:platform_operator_obligation","comp_domestic_ai_platform","정부_국회","4","","","True","global incident platform regulation coupang platform operator obligation","global_incident:platform_regulation:coupang:platform_operator_obligation","14.0","business_change,general,official_action","google_rss_v44_final_artifact_sync_only","CEO_Morning_Briefing"
"2026-07-13","I053","government_ai_core_policy:정부 글로벌 ai 허브 운영 모델 구축 속도","government_ai_core_policy","정부_국회","5","","","True","government ai core policy 정부 글로벌 ai 허브 운영 모델 구축 속도","","24.0","business_change","google_rss_v44_final_artifact_sync_only","CEO_Morning_Briefing"
"2026-07-13","I082","global_incident:mna_capital:kakao:mna_capital","self_governance_mna","자사_및_계열사_이슈","5","","","True","global incident mna capital kakao mna capital","global_incident:mna_capital:kakao:mna_capital","24.0","direct_risk","google_rss_v44_final_artifact_sync_only","CEO_Morning_Briefing"
"2026-07-13","I084","카카오 노조 임단협/파업 및 내부 갈등","self_labor","자사_및_계열사_이슈","5","","","True","카카오 노조 임단협 파업 및 내부 갈등","global_incident:labor_ir:kakao:strike_negotiation","19.0","direct_risk","google_rss_v44_final_artifact_sync_only","CEO_Morning_Briefing"
"2026-07-13","I090","global_incident:platform_regulation:google:platform_operator_obligation","comp_overseas_platform_ai","경쟁사_해외이슈","4","","","True","global incident platform regulation google platform operator obligation","global_incident:platform_regulation:google:platform_operator_obligation","24.0","general,official_action","google_rss_v44_final_artifact_sync_only","CEO_Morning_Briefing"
"2026-07-13","I111","government_ai_core_policy:kisa 공급망 보안 8개 과제 점검","government_ai_core_policy","정부_국회","5","","","True","government ai core policy kisa 공급망 보안 8개 과제 점검","","0.0","official_action","google_rss_v44_final_artifact_sync_only","CEO_Morning_Briefing"
"2026-07-13","I126","global_incident:digital_asset_policy:financial_authority:digital_asset_policy","government_regulatory_enforcement","정부_국회","5","","","True","global incident digital asset policy financial authority digital asset policy","global_incident:digital_asset_policy:financial_authority:digital_asset_policy","0.0","official_action","google_rss_v44_final_artifact_sync_only","CEO_Morning_Briefing"
"2026-07-14","I002","comp_domestic_ai_platform:팀네이버 icml 2026서 ai 풀스택 연구 성과 공개","comp_domestic_ai_platform","경쟁사_해외이슈","4","","","True","comp domestic ai platform 팀네이버 icml 2026서 ai 풀스택 연구 성과 공개","event:네이버:ai_infrastructure_security","14.0","business_change","google_rss_v44_final_artifact_sync_only","CEO_Morning_Briefing"
"2026-07-14","I004","comp_domestic_finance_commerce:네이버 쇼핑 가구매 정말 안전할까 연매출 200억 광고사 지사장이 말하는 현실","comp_domestic_finance_commerce","경쟁사_해외이슈","4","","","True","comp domestic finance commerce 네이버 쇼핑 가구매 정말 안전할까 연매출 200억 광고사 지사장이 말하는 현실","event:네이버:financial_performance","14.0","general","google_rss_v44_final_artifact_sync_only","CEO_Morning_Briefing"
"2026-07-14","I005","comp_domestic_ai_platform:cio 보안 투자 노트 네이버클라우드의 경고 익명화 ai에 안 통해","comp_domestic_ai_platform","경쟁사_해외이슈","4","","","True","comp domestic ai platform cio 보안 투자 노트 네이버클라우드의 경고 익명화 ai에 안 통해","event:네이버:ai_infrastructure_security+phishing_security","14.0","direct_risk","google_rss_v44_final_artifact_sync_only","CEO_Morning_Briefing"
"2026-07-14","I032","global_incident:platform_regulation:kt:platform_data_protection_obligation","comp_domestic_direct_risk","정부_국회","5","","","True","global incident platform regulation kt platform data protection obligation","privacy_security:kt:data_leak","14.0","official_action","google_rss_v44_final_artifact_sync_only","CEO_Morning_Briefing"
"2026-07-14","I033","국가 AI 인프라/AIDC/GPU 정책","comp_domestic_public_infra","정부_국회","5","","","True","국가 ai 인프라 aidc gpu 정책","event:LGU++SKT:ai_infrastructure_security","24.0","analysis_feature,business_change,direct_risk","google_rss_v44_final_artifact_sync_only","CEO_Morning_Briefing"
"2026-07-14","I037","comp_domestic_strategy:통신사 보안점검 skt 보안 투자 70 늘렸다","comp_domestic_strategy","경쟁사_해외이슈","4","","","True","comp domestic strategy 통신사 보안점검 skt 보안 투자 70 늘렸다","event:SKT:phishing_security+privacy_security_reliability","14.0","official_action","google_rss_v44_final_artifact_sync_only","CEO_Morning_Briefing"
"2026-07-14","I042","self_direct_risk:네이버 카카오 커머스 광고로 2분기 호실적 ai 수익성 증명은 과제","self_direct_risk","자사_및_계열사_이슈","5","","","True","self direct risk 네이버 카카오 커머스 광고로 2분기 호실적 ai 수익성 증명은 과제","event:네이버+카카오:ai_infrastructure_security+financial_performance","14.0","direct_risk","google_rss_v44_final_artifact_sync_only","CEO_Morning_Briefing"
"2026-07-14","I062","self_strategic_reference:투자 늘리는 네이버 몸집 줄이는 카카오 엇갈린 전략","self_strategic_reference","자사_및_계열사_이슈","4","","","True","self strategic reference 투자 늘리는 네이버 몸집 줄이는 카카오 엇갈린 전략","event:네이버+카카오:policy_legislation","14.0","business_change","google_rss_v44_final_artifact_sync_only","CEO_Morning_Briefing"
"2026-07-14","I071","global_incident:ai_security_policy:openai:openai_security_access","comp_overseas_regulation_data","경쟁사_해외이슈","4","","","True","global incident ai security policy openai openai security access","global_incident:ai_security_policy:openai:openai_security_access","24.0","business_change,direct_risk","google_rss_v44_final_artifact_sync_only","CEO_Morning_Briefing"
"2026-07-14","I091","global_incident:mna_capital:kakao:mna_capital","self_strategic_reference","자사_및_계열사_이슈","5","","","True","global incident mna capital kakao mna capital","global_incident:mna_capital:kakao:mna_capital","24.0","analysis_with_direct_risk,direct_risk,general","google_rss_v44_final_artifact_sync_only","CEO_Morning_Briefing"
"2026-07-14","I092","global_incident:platform_regulation:fair_trade_authority:platform_regulation","government_ai_core_policy","정부_국회","5","","","True","global incident platform regulation fair trade authority platform regulation","global_incident:platform_regulation:fair_trade_authority:platform_regulation","14.0","direct_risk,official_action","google_rss_v44_final_artifact_sync_only","CEO_Morning_Briefing"
"2026-07-14","I113","government_ai_core_policy:과기정통부 대국민 ai 서비스 개발 착수","government_ai_core_policy","정부_국회","5","","","True","government ai core policy 과기정통부 대국민 ai 서비스 개발 착수","event:과기정통부:ai_infrastructure_security","14.0","business_change","google_rss_v44_final_artifact_sync_only","CEO_Morning_Briefing"
"2026-07-14","I117","global_incident:platform_regulation:financial_authority:platform_data_protection_obligation","government_ai_core_policy","정부_국회","5","","","True","global incident platform regulation financial authority platform data protection obligation","global_incident:platform_regulation:financial_authority:platform_data_protection_obligation","14.0","direct_risk","google_rss_v44_final_artifact_sync_only","CEO_Morning_Briefing"
"2026-07-15","I001","국가 AI 인프라/AIDC/GPU 정책","comp_domestic_public_infra","자사_및_계열사_이슈","5","","","True","국가 ai 인프라 aidc gpu 정책","privacy_security:tving:data_leak","24.0","analysis_feature,business_change,direct_risk,general","google_rss_v44_final_artifact_sync_only","CEO_Morning_Briefing"
"2026-07-15","I002","comp_domestic_ai_platform:네이버 ai탭 정식 출시 18일 만에 사용자 1000만 돌파","comp_domestic_ai_platform","경쟁사_해외이슈","4","","","True","comp domestic ai platform 네이버 ai탭 정식 출시 18일 만에 사용자 1000만 돌파","event:네이버:ai_infrastructure_security","24.0","business_change","google_rss_v44_final_artifact_sync_only","CEO_Morning_Briefing"
"2026-07-15","I009","comp_domestic_strategy:n2 포커스 양자보안부터 버스 와이파이까지 lgu+ 품질에 꽂힌 이유","comp_domestic_strategy","경쟁사_해외이슈","4","","","True","comp domestic strategy n2 포커스 양자보안부터 버스 와이파이까지 lgu 품질에 꽂힌 이유","event:LGU+:phishing_security+privacy_security_reliability","14.0","direct_risk","google_rss_v44_final_artifact_sync_only","CEO_Morning_Briefing"
"2026-07-15","I011","comp_domestic_strategy:kt 소상공인 전용 앱 사장이지 사장님들 위한 신규 콘텐츠 매장운세 출시","comp_domestic_strategy","경쟁사_해외이슈","4","","","True","comp domestic strategy kt 소상공인 전용 앱 사장이지 사장님들 위한 신규 콘텐츠 매장운세 출시","","24.0","general","google_rss_v44_final_artifact_sync_only","CEO_Morning_Briefing"
"2026-07-15","I016","global_incident:platform_regulation:kakao:platform_regulation","self_privacy_security","자사_및_계열사_이슈","5","","","True","global incident platform regulation kakao platform regulation","privacy_security:tving:data_leak","32.0","business_change,direct_risk","google_rss_v44_final_artifact_sync_only","CEO_Morning_Briefing"
"2026-07-15","I017","global_incident:privacy_security:kakao:tving","self_privacy_security","자사_및_계열사_이슈","5","","","True","global incident privacy security kakao tving","privacy_security:tving:data_leak","24.0","direct_risk","google_rss_v44_final_artifact_sync_only","CEO_Morning_Briefing"
"2026-07-15","I018","global_incident:platform_regulation:kt:platform_data_protection_obligation","government_platform_regulation","정부_국회","5","","","True","global incident platform regulation kt platform data protection obligation","privacy_security:kt:data_leak","14.0","official_action","google_rss_v44_final_artifact_sync_only","CEO_Morning_Briefing"
"2026-07-15","I024","comp_domestic_ai_platform:네이버 ai탭 이용자 1000만 돌파 실행형 ai 검색 확산","comp_domestic_ai_platform","경쟁사_해외이슈","4","","","True","comp domestic ai platform 네이버 ai탭 이용자 1000만 돌파 실행형 ai 검색 확산","event:네이버:ai_infrastructure_security","24.0","business_change","google_rss_v44_final_artifact_sync_only","CEO_Morning_Briefing"
"2026-07-15","I039","comp_overseas_regulation_data:클라우드 월드 아이티센cts 원자력 슈퍼컴 구축 nia 하이퍼 ai 네트워크 구축 구글 ai 포 비즈니스 개","comp_overseas_regulation_data","정부_국회","5","","","True","comp overseas regulation data 클라우드 월드 아이티센cts 원자력 슈퍼컴 구축 nia 하이퍼 ai 네트워크 구축 구글 ai 포 비즈니스 개","event:구글:ai_infrastructure_security","14.0","business_change","google_rss_v44_final_artifact_sync_only","CEO_Morning_Briefing"
"2026-07-15","I042","government_ai_core_policy:ai정책노트 정부 글로벌 ai 허브 협력 확대 세계 난제 실마리 ai로 찾는다","government_ai_core_policy","정부_국회","5","","","True","government ai core policy ai정책노트 정부 글로벌 ai 허브 협력 확대 세계 난제 실마리 ai로 찾는다","","14.0","business_change","google_rss_v44_final_artifact_sync_only","CEO_Morning_Briefing"
"2026-07-15","I043","government_ai_core_policy:정부 60여개국 외교단에 글로벌 ai 허브 협력 제안","government_ai_core_policy","정부_국회","5","","","True","government ai core policy 정부 60여개국 외교단에 글로벌 ai 허브 협력 제안","","14.0","business_change","google_rss_v44_final_artifact_sync_only","CEO_Morning_Briefing"
"2026-07-15","I060","comp_overseas_platform_ai:구글 엔비디아 우군 네오클라우드 상대로 tpu 공세 본격화","comp_overseas_platform_ai","경쟁사_해외이슈","4","","","True","comp overseas platform ai 구글 엔비디아 우군 네오클라우드 상대로 tpu 공세 본격화","event:구글:ai_infrastructure_security","14.0","business_change","google_rss_v44_final_artifact_sync_only","CEO_Morning_Briefing"
"2026-07-15","I062","global_incident:platform_regulation:google:platform_operator_obligation","government_ai_core_policy","정부_국회","4","","","True","global incident platform regulation google platform operator obligation","global_incident:platform_regulation:google:platform_operator_obligation","24.0","business_change","google_rss_v44_final_artifact_sync_only","CEO_Morning_Briefing"
"2026-07-16","I001","comp_domestic_ai_platform:보안 최우수 평가 받은 네이버 데이터센터 장관 표창 받았다","comp_domestic_ai_platform","경쟁사_해외이슈","4","","","True","comp domestic ai platform 보안 최우수 평가 받은 네이버 데이터센터 장관 표창 받았다","event:네이버:ai_infrastructure_security+phishing_security","24.0","direct_risk","google_rss_v44_final_artifact_sync_only","CEO_Morning_Briefing"
"2026-07-16","I002","comp_domestic_direct_risk:kt 5조 데이터센터 뒷북 투자 계획 논란","comp_domestic_direct_risk","경쟁사_해외이슈","4","","","True","comp domestic direct risk kt 5조 데이터센터 뒷북 투자 계획 논란","event:KT:ai_infrastructure_security","24.0","general","google_rss_v44_final_artifact_sync_only","CEO_Morning_Briefing"
"2026-07-16","I005","comp_domestic_ai_platform:상담부터 품질 관리까지 한번에 lgu+ 차세대 ai 상담사 공개","comp_domestic_ai_platform","경쟁사_해외이슈","4","","","True","comp domestic ai platform 상담부터 품질 관리까지 한번에 lgu 차세대 ai 상담사 공개","event:LGU+:ai_infrastructure_security","14.0","business_change","google_rss_v44_final_artifact_sync_only","CEO_Morning_Briefing"
"2026-07-16","I006","comp_domestic_ai_platform:lgu+ 정보보호백서 발간 ai 기반 보안체계 강화","comp_domestic_ai_platform","경쟁사_해외이슈","4","","","True","comp domestic ai platform lgu 정보보호백서 발간 ai 기반 보안체계 강화","event:LGU+:ai_infrastructure_security+phishing_security","24.0","direct_risk","google_rss_v44_final_artifact_sync_only","CEO_Morning_Briefing"
"2026-07-16","I015","comp_domestic_ai_platform:블루바이저시스템즈 네이버클라우드와 파트너십 ai 세일즈 트레이닝 ai sts 마켓플레이스 공식 공급","comp_domestic_ai_platform","경쟁사_해외이슈","4","","","True","comp domestic ai platform 블루바이저시스템즈 네이버클라우드와 파트너십 ai 세일즈 트레이닝 ai sts 마켓플레이스 공식 공급","event:네이버:ai_infrastructure_security","24.0","business_change","google_rss_v44_final_artifact_sync_only","CEO_Morning_Briefing"
"2026-07-16","I031","국가 AI 인프라/AIDC/GPU 정책","comp_domestic_ai_platform","자사_및_계열사_이슈","5","","","True","국가 ai 인프라 aidc gpu 정책","privacy_security:tving:data_leak","24.0","business_change,direct_risk,general,official_action","google_rss_v44_final_artifact_sync_only","CEO_Morning_Briefing"
"2026-07-16","I033","global_incident:privacy_security:kakao:tving","self_privacy_security","자사_및_계열사_이슈","5","","","True","global incident privacy security kakao tving","privacy_security:tving:data_leak","14.0","direct_risk","google_rss_v44_final_artifact_sync_only","CEO_Morning_Briefing"
"2026-07-16","I039","global_incident:platform_regulation:kakao:platform_regulation","self_privacy_security","정부_국회","5","","","True","global incident platform regulation kakao platform regulation","privacy_security:tving:data_leak","14.0","business_change,direct_risk","google_rss_v44_final_artifact_sync_only","CEO_Morning_Briefing"
"2026-07-16","I040","global_incident:leadership_service:kakao:executive_change","self_leadership_service","자사_및_계열사_이슈","5","","","True","global incident leadership service kakao executive change","global_incident:leadership_service:kakao:executive_change","24.0","direct_risk","google_rss_v44_final_artifact_sync_only","CEO_Morning_Briefing"
"2026-07-16","I047","global_incident:platform_regulation:platform_sector:platform_data_protection_obligation","government_platform_regulation","정부_국회","5","","","True","global incident platform regulation platform sector platform data protection obligation","global_incident:platform_regulation:platform_sector:platform_data_protection_obligation","24.0","official_action","google_rss_v44_final_artifact_sync_only","CEO_Morning_Briefing"
"2026-07-16","I116","global_incident:digital_asset_policy:financial_authority:digital_asset_policy","government_regulatory_enforcement","정부_국회","5","","","True","global incident digital asset policy financial authority digital asset policy","global_incident:digital_asset_policy:financial_authority:digital_asset_policy","14.0","general","google_rss_v44_final_artifact_sync_only","CEO_Morning_Briefing"
"2026-07-16","I174","government_ai_core_policy:메가존클라우드 ai 양자 인재 양성과 산학협력 네트워크 구축 추진","government_ai_core_policy","정부_국회","4","","","True","government ai core policy 메가존클라우드 ai 양자 인재 양성과 산학협력 네트워크 구축 추진","","14.0","business_change","google_rss_v44_final_artifact_sync_only","CEO_Morning_Briefing"
"2026-07-16","I177","government_digital_finance_policy:정부 국가자산기본법 제정 추진 디지털자산도 포괄 관리","government_digital_finance_policy","정부_국회","4","","","True","government digital finance policy 정부 국가자산기본법 제정 추진 디지털자산도 포괄 관리","","14.0","general","google_rss_v44_final_artifact_sync_only","CEO_Morning_Briefing"
"2026-07-17","I001","global_incident:platform_regulation:coupang:coupang_designation_disclosure","comp_domestic_strategy","정부_국회","5","","","True","global incident platform regulation coupang coupang designation disclosure","global_incident:platform_regulation:coupang:coupang_designation_disclosure","14.0","general,official_action","google_rss_v44_final_artifact_sync_only","CEO_Morning_Briefing"
"2026-07-17","I002","comp_domestic_ai_platform:아시아 ai 허브 적지 sk gs 네이버 550조 ai팩토리 영토 넓힌다","comp_domestic_ai_platform","경쟁사_해외이슈","4","","","True","comp domestic ai platform 아시아 ai 허브 적지 sk gs 네이버 550조 ai팩토리 영토 넓힌다","event:네이버:ai_infrastructure_security","14.0","business_change","google_rss_v44_final_artifact_sync_only","CEO_Morning_Briefing"
"2026-07-17","I003","global_incident:platform_regulation:kakao:platform_regulation","self_strategic_reference","자사_및_계열사_이슈","5","","","True","global incident platform regulation kakao platform regulation","privacy_security:tving:data_leak","24.0","direct_risk,general","google_rss_v44_final_artifact_sync_only","CEO_Morning_Briefing"
"2026-07-17","I007","comp_domestic_ai_platform:클라우드 월드 네이버 정보보호 최우수 획득 가비아 외부 전자계약 카페24 매일배송 이용 증가 한국딥러닝 문서","comp_domestic_ai_platform","경쟁사_해외이슈","4","","","True","comp domestic ai platform 클라우드 월드 네이버 정보보호 최우수 획득 가비아 외부 전자계약 카페24 매일배송 이용 증가 한국딥러닝 문서","event:네이버:ai_infrastructure_security+financial_performance","24.0","business_change","google_rss_v44_final_artifact_sync_only","CEO_Morning_Briefing"
"2026-07-17","I010","comp_domestic_ai_platform:ai 기반 보안 고객 보호 성과 담은 lgu+ 백서 공개 삼성 포용금융 확대 2000억 출연 it오늘","comp_domestic_ai_platform","경쟁사_해외이슈","4","","","True","comp domestic ai platform ai 기반 보안 고객 보호 성과 담은 lgu 백서 공개 삼성 포용금융 확대 2000억 출연 it오늘","event:LGU+:ai_infrastructure_security+phishing_security","32.0","direct_risk","google_rss_v44_final_artifact_sync_only","CEO_Morning_Briefing"
"2026-07-17","I031","global_incident:mna_capital:naver:dunamu_upbit_capital","comp_domestic_finance_commerce","산업동향","4","","","True","global incident mna capital naver dunamu upbit capital","global_incident:mna_capital:naver:dunamu_upbit_capital","14.0","direct_risk","google_rss_v44_final_artifact_sync_only","CEO_Morning_Briefing"
"2026-07-17","I033","global_incident:platform_regulation:kt:platform_algorithm_ad_obligation","comp_domestic_direct_risk","정부_국회","4","","","True","global incident platform regulation kt platform algorithm ad obligation","global_incident:platform_regulation:kt:platform_algorithm_ad_obligation","14.0","official_action","google_rss_v44_final_artifact_sync_only","CEO_Morning_Briefing"
"2026-07-17","I050","global_incident:privacy_security:kakao:tving","self_privacy_security","자사_및_계열사_이슈","5","","","True","global incident privacy security kakao tving","privacy_security:tving:data_leak","14.0","direct_risk","google_rss_v44_final_artifact_sync_only","CEO_Morning_Briefing"
"2026-07-17","I077","global_incident:platform_regulation:google:platform_operator_obligation","comp_overseas_platform_ai","경쟁사_해외이슈","4","","","True","global incident platform regulation google platform operator obligation","global_incident:platform_regulation:google:platform_operator_obligation","24.0","official_action","google_rss_v44_final_artifact_sync_only","CEO_Morning_Briefing"
"2026-07-17","I084","카카오게임즈 최대주주 변경 및 공동대표 체제","self_leadership_service","자사_및_계열사_이슈","5","","","True","카카오게임즈 최대주주 변경 및 공동대표 체제","global_incident:leadership_service:kakao:executive_change","14.0","direct_risk","google_rss_v44_final_artifact_sync_only","CEO_Morning_Briefing"
"2026-07-17","I087","국가 AI 인프라/AIDC/GPU 정책","comp_domestic_ai_platform","정부_국회","5","","","True","국가 ai 인프라 aidc gpu 정책","event:SKT+과기정통부:ai_infrastructure_security+aidc_datacenter","24.0","business_change,direct_risk","google_rss_v44_final_artifact_sync_only","CEO_Morning_Briefing"
"2026-07-17","I119","global_incident:digital_asset_policy:digital_asset_sector:digital_asset_policy","government_digital_finance_policy","정부_국회","4","","","True","global incident digital asset policy digital asset sector digital asset policy","global_incident:digital_asset_policy:digital_asset_sector:digital_asset_policy","14.0","market_commentary,official_action","google_rss_v44_final_artifact_sync_only","CEO_Morning_Briefing"
"2026-07-17","I121","global_incident:digital_asset_policy:financial_authority:stablecoin_policy","government_regulatory_enforcement","정부_국회","5","","","True","global incident digital asset policy financial authority stablecoin policy","global_incident:digital_asset_policy:financial_authority:stablecoin_policy","14.0","general","google_rss_v44_final_artifact_sync_only","CEO_Morning_Briefing"
"2026-07-20","I001","global_incident:platform_regulation:kt:platform_data_protection_obligation","comp_domestic_direct_risk","정부_국회","5","","","True","global incident platform regulation kt platform data protection obligation","privacy_security:kt:data_leak","24.0","official_action","google_rss_v44_final_artifact_sync_only","CEO_Morning_Briefing"
"2026-07-20","I002","comp_domestic_public_infra:hd현대 네이버클라우드 조선업 ax 데이터센터 전력망 협력 추진","comp_domestic_public_infra","경쟁사_해외이슈","4","","","True","comp domestic public infra hd현대 네이버클라우드 조선업 ax 데이터센터 전력망 협력 추진","event:네이버:ai_infrastructure_security","24.0","general","google_rss_v44_final_artifact_sync_only","CEO_Morning_Briefing"
"2026-07-20","I003","comp_domestic_public_infra:전망 네이버 단기 수익성 하락에도 엔비디아 ai팩토리 기대감","comp_domestic_public_infra","경쟁사_해외이슈","4","","","True","comp domestic public infra 전망 네이버 단기 수익성 하락에도 엔비디아 ai팩토리 기대감","event:네이버:ai_infrastructure_security+financial_performance","12.0","analysis_feature","google_rss_v44_final_artifact_sync_only","CEO_Morning_Briefing"
"2026-07-20","I005","global_incident:platform_regulation:kt:platform_regulation","comp_domestic_direct_risk","경쟁사_해외이슈","5","","","True","global incident platform regulation kt platform regulation","privacy_security:kt:data_leak","24.0","direct_risk,official_action","google_rss_v44_final_artifact_sync_only","CEO_Morning_Briefing"
"2026-07-20","I011","comp_domestic_ai_platform:lgu+ 정보보호백서 발간 ai 통합 보안관제 20만건 이상 대응","comp_domestic_ai_platform","경쟁사_해외이슈","4","","","True","comp domestic ai platform lgu 정보보호백서 발간 ai 통합 보안관제 20만건 이상 대응","event:LGU+:ai_infrastructure_security+phishing_security","0.0","direct_risk","google_rss_v44_final_artifact_sync_only","CEO_Morning_Briefing"
"2026-07-20","I042","comp_domestic_ai_platform:hd현대 네이버클라우드 조선업 ai 생태계 구축 협력","comp_domestic_ai_platform","경쟁사_해외이슈","4","","","True","comp domestic ai platform hd현대 네이버클라우드 조선업 ai 생태계 구축 협력","event:네이버:ai_infrastructure_security","24.0","business_change","google_rss_v44_final_artifact_sync_only","CEO_Morning_Briefing"
"2026-07-20","I046","global_incident:platform_regulation:kakao:platform_regulation","self_strategic_reference","자사_및_계열사_이슈","4","","","True","global incident platform regulation kakao platform regulation","global_incident:platform_regulation:kakao:platform_regulation","24.0","business_change,general","google_rss_v44_final_artifact_sync_only","CEO_Morning_Briefing"
"2026-07-20","I061","global_incident:platform_regulation:platform_sector:platform_regulation","government_ai_core_policy","정부_국회","5","","","True","global incident platform regulation platform sector platform regulation","global_incident:platform_regulation:platform_sector:platform_regulation","24.0","analysis_with_direct_risk,business_change,direct_risk,general","google_rss_v44_final_artifact_sync_only","CEO_Morning_Briefing"
"2026-07-20","I067","global_incident:platform_regulation:science_ict_ministry:platform_operator_obligation","government_regulatory_enforcement","정부_국회","5","","","True","global incident platform regulation science ict ministry platform operator obligation","global_incident:platform_regulation:science_ict_ministry:platform_operator_obligation","24.0","general","google_rss_v44_final_artifact_sync_only","CEO_Morning_Briefing"
"2026-07-20","I079","카카오게임즈 최대주주 변경 및 공동대표 체제","self_governance_mna","자사_및_계열사_이슈","5","","","True","카카오게임즈 최대주주 변경 및 공동대표 체제","global_incident:leadership_service:kakao:leadership_service","24.0","direct_risk","google_rss_v44_final_artifact_sync_only","CEO_Morning_Briefing"
"2026-07-20","I080","카카오 노조 임단협/파업 및 내부 갈등","self_labor","자사_및_계열사_이슈","5","","","True","카카오 노조 임단협 파업 및 내부 갈등","global_incident:platform_regulation:kakao:platform_regulation","14.0","direct_risk","google_rss_v44_final_artifact_sync_only","CEO_Morning_Briefing"
"2026-07-20","I097","global_incident:digital_asset_policy:digital_asset_sector:digital_asset_policy","government_digital_finance_policy","정부_국회","5","","","True","global incident digital asset policy digital asset sector digital asset policy","global_incident:digital_asset_policy:digital_asset_sector:digital_asset_policy","29.0","direct_risk,general,market_commentary,official_action","google_rss_v44_final_artifact_sync_only","CEO_Morning_Briefing"
"2026-07-20","I118","global_incident:digital_asset_policy:digital_asset_sector:stablecoin_policy","government_regulatory_enforcement","정부_국회","5","","","True","global incident digital asset policy digital asset sector stablecoin policy","global_incident:digital_asset_policy:digital_asset_sector:stablecoin_policy","24.0","direct_risk","google_rss_v44_final_artifact_sync_only","CEO_Morning_Briefing"
"2026-07-21","I005","comp_domestic_ai_platform:네이버 브룩필드 본사 찾는다 ai 팩토리 협력 본격화","comp_domestic_ai_platform","경쟁사_해외이슈","4","","","True","comp domestic ai platform 네이버 브룩필드 본사 찾는다 ai 팩토리 협력 본격화","event:네이버:ai_infrastructure_security","14.0","business_change","google_rss_v44_final_artifact_sync_only","CEO_Morning_Briefing"
"2026-07-21","I029","comp_domestic_ai_platform:lgu+ 에릭슨과 손잡고 네트워크 기반 보이스 ai 개발 글로벌 사업 협력","comp_domestic_ai_platform","경쟁사_해외이슈","4","","","True","comp domestic ai platform lgu 에릭슨과 손잡고 네트워크 기반 보이스 ai 개발 글로벌 사업 협력","event:LGU+:ai_infrastructure_security","24.0","business_change","google_rss_v44_final_artifact_sync_only","CEO_Morning_Briefing"
"2026-07-21","I033","comp_domestic_finance_commerce:lg유플 5g 과장광고 소송 대법 간다 kt skt 촉각","comp_domestic_finance_commerce","경쟁사_해외이슈","4","","","True","comp domestic finance commerce lg유플 5g 과장광고 소송 대법 간다 kt skt 촉각","","14.0","direct_risk","google_rss_v44_final_artifact_sync_only","CEO_Morning_Briefing"
"2026-07-21","I046","global_incident:mna_capital:skt:mna_capital","comp_domestic_ai_platform","경쟁사_해외이슈","4","","","True","global incident mna capital skt mna capital","global_incident:mna_capital:skt:mna_capital","14.0","direct_risk","google_rss_v44_final_artifact_sync_only","CEO_Morning_Briefing"
"2026-07-21","I048","comp_domestic_strategy:lgu+ 전자책 디지털 잡지 묶었다 9900원 구독상품 출시","comp_domestic_strategy","경쟁사_해외이슈","4","","","True","comp domestic strategy lgu 전자책 디지털 잡지 묶었다 9900원 구독상품 출시","","14.0","general","google_rss_v44_final_artifact_sync_only","CEO_Morning_Briefing"
"2026-07-21","I062","global_incident:leadership_service:kakao:leadership_service","self_strategic_reference","자사_및_계열사_이슈","5","","","True","global incident leadership service kakao leadership service","global_incident:leadership_service:kakao:leadership_service","24.0","direct_risk,general","google_rss_v44_final_artifact_sync_only","CEO_Morning_Briefing"
"2026-07-21","I064","global_incident:platform_regulation:naver:platform_operator_obligation","comp_domestic_strategy","정부_국회","4","","","True","global incident platform regulation naver platform operator obligation","global_incident:platform_regulation:naver:platform_operator_obligation","24.0","general,official_action","google_rss_v44_final_artifact_sync_only","CEO_Morning_Briefing"
"2026-07-21","I081","self_strategic_reference:it라운지 카카오내비 교통안전 서비스 네이버 블로그 있어요 카나나 펫레터 이벤트 마리트 마이랜드픽 출시 에너","self_strategic_reference","자사_및_계열사_이슈","3","","","True","self strategic reference it라운지 카카오내비 교통안전 서비스 네이버 블로그 있어요 카나나 펫레터 이벤트 마리트 마이랜드픽 출시 에너","event:네이버+카카오:ai_infrastructure_security","2.0","analysis_feature","google_rss_v44_final_artifact_sync_only","CEO_Morning_Briefing"
"2026-07-21","I085","카카오 노조 임단협/파업 및 내부 갈등","self_labor","자사_및_계열사_이슈","5","","","True","카카오 노조 임단협 파업 및 내부 갈등","global_incident:labor_ir:kakao:strike_negotiation","42.0","direct_risk","google_rss_v44_final_artifact_sync_only","CEO_Morning_Briefing"
"2026-07-21","I094","global_incident:platform_regulation:platform_sector:platform_regulation","government_ai_core_policy","정부_국회","5","","","True","global incident platform regulation platform sector platform regulation","global_incident:platform_regulation:platform_sector:platform_regulation","24.0","business_change,direct_risk,general,official_action","google_rss_v44_final_artifact_sync_only","CEO_Morning_Briefing"
"2026-07-21","I096","가상자산 이전거래/AML 규제 조정","government_ai_core_policy","정부_국회","5","","","True","가상자산 이전거래 aml 규제 조정","global_incident:digital_asset_policy:financial_authority:vasp_aml_rulemaking","14.0","official_action","google_rss_v44_final_artifact_sync_only","CEO_Morning_Briefing"
"2026-07-21","I100","global_incident:digital_asset_policy:digital_asset_sector:digital_asset_policy","government_digital_finance_policy","정부_국회","5","","","True","global incident digital asset policy digital asset sector digital asset policy","global_incident:digital_asset_policy:digital_asset_sector:digital_asset_policy","24.0","direct_risk,general,official_action","google_rss_v44_final_artifact_sync_only","CEO_Morning_Briefing"
"2026-07-21","I117","global_incident:digital_asset_policy:digital_asset_sector:stablecoin_policy","government_digital_finance_policy","정부_국회","4","","","True","global incident digital asset policy digital asset sector stablecoin policy","global_incident:digital_asset_policy:digital_asset_sector:stablecoin_policy","24.0","direct_risk,general,official_action","google_rss_v44_final_artifact_sync_only","CEO_Morning_Briefing"
"2026-07-23","I001","global_incident:platform_regulation:coupang:platform_operator_obligation","comp_domestic_direct_risk","경쟁사_해외이슈","4","","","True","global incident platform regulation coupang platform operator obligation","global_incident:platform_regulation:coupang:platform_operator_obligation","14.0","official_action","google_rss_v44_final_artifact_sync_only","CEO_Morning_Briefing"
"2026-07-23","I002","comp_domestic_ai_platform:브룩필드 자본에 엔비디아 칩 더한다 이해진 네이버 ai 팩토리 승부수","comp_domestic_ai_platform","경쟁사_해외이슈","4","","","True","comp domestic ai platform 브룩필드 자본에 엔비디아 칩 더한다 이해진 네이버 ai 팩토리 승부수","event:네이버:ai_infrastructure_security","24.0","business_change","google_rss_v44_final_artifact_sync_only","CEO_Morning_Briefing"
"2026-07-23","I009","comp_domestic_finance_commerce:한국투자증권 네이버페이 손잡고 연금상담서비스 개시","comp_domestic_finance_commerce","경쟁사_해외이슈","4","","","True","comp domestic finance commerce 한국투자증권 네이버페이 손잡고 연금상담서비스 개시","","24.0","general","google_rss_v44_final_artifact_sync_only","CEO_Morning_Briefing"
"2026-07-23","I011","comp_domestic_ai_platform:메타 네이버 소프트뱅크 앞다퉈 뛰어들어 네오 클라우드 가 뭐길래","comp_domestic_ai_platform","경쟁사_해외이슈","4","","","True","comp domestic ai platform 메타 네이버 소프트뱅크 앞다퉈 뛰어들어 네오 클라우드 가 뭐길래","event:네이버+메타:ai_infrastructure_security","14.0","general","google_rss_v44_final_artifact_sync_only","CEO_Morning_Briefing"
"2026-07-23","I017","comp_domestic_strategy:ls일렉 lgu+ 엔비디아 베라루빈 전력량 대응 직류 인프라 공동 개발","comp_domestic_strategy","경쟁사_해외이슈","4","","","True","comp domestic strategy ls일렉 lgu 엔비디아 베라루빈 전력량 대응 직류 인프라 공동 개발","","14.0","general","google_rss_v44_final_artifact_sync_only","CEO_Morning_Briefing"
"2026-07-23","I026","global_incident:platform_enforcement:apple:privacy_data_violation","government_platform_regulation","정부_국회","5","","","True","global incident platform enforcement apple privacy data violation","v27:platform_enforcement:apple:privacy_data_violation","29.0","official_action","google_rss_v44_final_artifact_sync_only","CEO_Morning_Briefing"
"2026-07-23","I035","국가 AI 인프라/AIDC/GPU 정책","comp_domestic_ai_platform","정부_국회","5","","","True","국가 ai 인프라 aidc gpu 정책","event:과기정통부:ai_infrastructure_security+aidc_datacenter","24.0","analysis_feature,business_change,direct_risk,official_action","google_rss_v44_final_artifact_sync_only","CEO_Morning_Briefing"
"2026-07-23","I045","global_incident:platform_regulation:platform_sector:platform_data_protection_obligation","government_platform_regulation","정부_국회","5","","","True","global incident platform regulation platform sector platform data protection obligation","global_incident:platform_regulation:platform_sector:platform_data_protection_obligation","24.0","official_action","google_rss_v44_final_artifact_sync_only","CEO_Morning_Briefing"
"2026-07-23","I054","self_privacy_security:기획 카카오페이 카카오페이증권 완전자회사로 mts 장애 4년째 증가","self_privacy_security","자사_및_계열사_이슈","5","","","True","self privacy security 기획 카카오페이 카카오페이증권 완전자회사로 mts 장애 4년째 증가","event:카카오+카카오페이:privacy_security_reliability","14.0","analysis_with_direct_risk","google_rss_v44_final_artifact_sync_only","CEO_Morning_Briefing"
"2026-07-23","I086","global_incident:digital_asset_policy:financial_authority:stablecoin_policy","government_ai_core_policy","정부_국회","5","","","True","global incident digital asset policy financial authority stablecoin policy","global_incident:digital_asset_policy:financial_authority:stablecoin_policy","19.0","business_change","google_rss_v44_final_artifact_sync_only","CEO_Morning_Briefing"
"2026-07-23","I098","global_incident:digital_asset_policy:digital_asset_sector:digital_asset_policy","government_regulatory_enforcement","정부_국회","5","","","True","global incident digital asset policy digital asset sector digital asset policy","global_incident:digital_asset_policy:digital_asset_sector:digital_asset_policy","29.0","general","google_rss_v44_final_artifact_sync_only","CEO_Morning_Briefing"
"2026-07-23","I112","self_strategic_reference:카카오 서클 원화 스테이블코인 생태계 구축 협력","self_strategic_reference","자사_및_계열사_이슈","4","","","True","self strategic reference 카카오 서클 원화 스테이블코인 생태계 구축 협력","event:카카오:digital_asset_stablecoin+stablecoin","24.0","general","google_rss_v44_final_artifact_sync_only","CEO_Morning_Briefing"
"2026-07-23","I114","self_strategic_reference:카카오그룹 서클과 손잡고 원화 스테이블코인 협력","self_strategic_reference","자사_및_계열사_이슈","4","","","True","self strategic reference 카카오그룹 서클과 손잡고 원화 스테이블코인 협력","event:카카오:digital_asset_stablecoin+stablecoin","24.0","general","google_rss_v44_final_artifact_sync_only","CEO_Morning_Briefing"
"2026-07-23","I123","self_strategic_reference:카카오그룹 써클과 원화 스테이블코인 인프라 협력","self_strategic_reference","자사_및_계열사_이슈","4","","","True","self strategic reference 카카오그룹 써클과 원화 스테이블코인 인프라 협력","event:카카오:digital_asset_stablecoin+stablecoin","24.0","general","google_rss_v44_final_artifact_sync_only","CEO_Morning_Briefing"
"2026-07-24","I002","국가 AI 인프라/AIDC/GPU 정책","comp_domestic_ai_platform","정부_국회","5","","","True","국가 ai 인프라 aidc gpu 정책","event:KT+SKT:ai_infrastructure_security+aidc_datacenter","24.0","business_change,general,official_action","google_rss_v44_final_artifact_sync_only","CEO_Morning_Briefing"
"2026-07-24","I003","comp_domestic_ai_platform:ai 팩토리 글로벌 투자 기대감에 네이버 주가 22만원선 회복","comp_domestic_ai_platform","경쟁사_해외이슈","4","","","True","comp domestic ai platform ai 팩토리 글로벌 투자 기대감에 네이버 주가 22만원선 회복","event:네이버:ai_infrastructure_security+financial_performance","14.0","market_commentary","google_rss_v44_final_artifact_sync_only","CEO_Morning_Briefing"
"2026-07-24","I005","comp_domestic_ai_platform:sk텔레콤 ai 글래스 레이밴 메타 6종 출시 온라인몰 등서 판매 개시","comp_domestic_ai_platform","경쟁사_해외이슈","4","","","True","comp domestic ai platform sk텔레콤 ai 글래스 레이밴 메타 6종 출시 온라인몰 등서 판매 개시","event:SKT+메타:ai_infrastructure_security","14.0","business_change","google_rss_v44_final_artifact_sync_only","CEO_Morning_Briefing"
"2026-07-24","I006","comp_domestic_ai_platform:hd현대 네이버클라우드 피지컬 ai 조선소 구축 맞손","comp_domestic_ai_platform","경쟁사_해외이슈","4","","","True","comp domestic ai platform hd현대 네이버클라우드 피지컬 ai 조선소 구축 맞손","event:네이버:ai_infrastructure_security","14.0","business_change","google_rss_v44_final_artifact_sync_only","CEO_Morning_Briefing"
"2026-07-24","I007","comp_domestic_finance_commerce:네이버 쇼핑 가구매 정말 안전할까 연매출 200억 광고사 지사장이 말하는 현실","comp_domestic_finance_commerce","경쟁사_해외이슈","4","","","True","comp domestic finance commerce 네이버 쇼핑 가구매 정말 안전할까 연매출 200억 광고사 지사장이 말하는 현실","event:네이버:financial_performance","14.0","general","google_rss_v44_final_artifact_sync_only","CEO_Morning_Briefing"
"2026-07-24","I008","global_incident:platform_regulation:skt:platform_algorithm_ad_obligation","comp_domestic_direct_risk","정부_국회","5","","","True","global incident platform regulation skt platform algorithm ad obligation","global_incident:platform_regulation:skt:platform_algorithm_ad_obligation","14.0","official_action","google_rss_v44_final_artifact_sync_only","CEO_Morning_Briefing"
"2026-07-24","I012","global_incident:leadership_service:kt:leadership_service","comp_domestic_strategy","경쟁사_해외이슈","4","","","True","global incident leadership service kt leadership service","global_incident:leadership_service:kt:leadership_service","14.0","direct_risk","google_rss_v44_final_artifact_sync_only","CEO_Morning_Briefing"
"2026-07-24","I013","global_incident:ai_security_policy:toss:anthropic_glasswing_security","comp_domestic_public_infra","정부_국회","5","","","True","global incident ai security policy toss anthropic glasswing security","global_incident:ai_security_policy:toss:anthropic_glasswing_security","14.0","direct_risk","google_rss_v44_final_artifact_sync_only","CEO_Morning_Briefing"
"2026-07-24","I017","global_incident:platform_regulation:platform_sector:platform_data_protection_obligation","comp_overseas_regulation_data","정부_국회","5","","","True","global incident platform regulation platform sector platform data protection obligation","global_incident:platform_regulation:platform_sector:platform_data_protection_obligation","24.0","official_action","google_rss_v44_final_artifact_sync_only","CEO_Morning_Briefing"
"2026-07-24","I044","global_incident:leadership_service:kakao:executive_change","self_leadership_service","자사_및_계열사_이슈","5","","","True","global incident leadership service kakao executive change","global_incident:leadership_service:kakao:executive_change","24.0","direct_risk","google_rss_v44_final_artifact_sync_only","CEO_Morning_Briefing"
"2026-07-24","I070","self_strategic_reference:서클 카카오 토스와 스테이블코인 mou 체결 한국 결제 인프라 구축","self_strategic_reference","자사_및_계열사_이슈","4","","","True","self strategic reference 서클 카카오 토스와 스테이블코인 mou 체결 한국 결제 인프라 구축","event:카카오+토스:digital_asset_stablecoin+stablecoin","24.0","general","google_rss_v44_final_artifact_sync_only","CEO_Morning_Briefing"
"2026-07-24","I092","global_incident:digital_asset_policy:financial_authority:digital_asset_policy","government_regulatory_enforcement","정부_국회","5","","","True","global incident digital asset policy financial authority digital asset policy","global_incident:digital_asset_policy:financial_authority:digital_asset_policy","24.0","general,official_action","google_rss_v44_final_artifact_sync_only","CEO_Morning_Briefing"
"2026-07-24","I112","self_strategic_reference:원화 스테이블코인 협력 나선 카카오 글로벌 결제 혁신 이끈다","self_strategic_reference","자사_및_계열사_이슈","4","","","True","self strategic reference 원화 스테이블코인 협력 나선 카카오 글로벌 결제 혁신 이끈다","event:카카오:digital_asset_stablecoin+stablecoin","14.0","general","google_rss_v44_final_artifact_sync_only","CEO_Morning_Briefing"
"2026-07-24","I131","self_strategic_reference:원화 스테이블코인 인프라 확대 카카오그룹 글로벌 핀테크기업 서클과 맞손","self_strategic_reference","자사_및_계열사_이슈","4","","","True","self strategic reference 원화 스테이블코인 인프라 확대 카카오그룹 글로벌 핀테크기업 서클과 맞손","event:카카오:digital_asset_stablecoin+stablecoin","14.0","general","google_rss_v44_final_artifact_sync_only","CEO_Morning_Briefing"
"2026-07-27","I002","금융권 AI 도입 가이드라인/모범사례","comp_domestic_ai_platform","정부_국회","5","","","True","금융권 ai 도입 가이드라인 모범사례","global_incident:digital_asset_policy:financial_authority:sto_policy","14.0","business_change,official_action","google_rss_v44_final_artifact_sync_only","CEO_Morning_Briefing"
"2026-07-27","I005","국가 AI 인프라/AIDC/GPU 정책","comp_domestic_ai_platform","정부_국회","5","","","True","국가 ai 인프라 aidc gpu 정책","event:네이버:ai_infrastructure_security+aidc_datacenter","29.0","business_change,direct_risk,general","google_rss_v44_final_artifact_sync_only","CEO_Morning_Briefing"
"2026-07-27","I031","comp_domestic_ai_platform:엔비디아 네이버 주주 된다 10억불 투자하고 ai 팩토리 혈맹","comp_domestic_ai_platform","경쟁사_해외이슈","4","","","True","comp domestic ai platform 엔비디아 네이버 주주 된다 10억불 투자하고 ai 팩토리 혈맹","event:네이버:ai_infrastructure_security","24.0","business_change","google_rss_v44_final_artifact_sync_only","CEO_Morning_Briefing"
"2026-07-27","I043","global_incident:platform_regulation:coupang:coupang_designation_disclosure","comp_domestic_direct_risk","경쟁사_해외이슈","4","","","True","global incident platform regulation coupang coupang designation disclosure","global_incident:platform_regulation:coupang:coupang_designation_disclosure","24.0","official_action","google_rss_v44_final_artifact_sync_only","CEO_Morning_Briefing"
"2026-07-27","I057","comp_domestic_ai_platform:ai서머리 네이버 엔비디아 브룩필드서 100억 달러 유치 뉴엔ai 35억 규모 중기부 r d 선정","comp_domestic_ai_platform","정부_국회","5","","","True","comp domestic ai platform ai서머리 네이버 엔비디아 브룩필드서 100억 달러 유치 뉴엔ai 35억 규모 중기부 r d 선정","event:네이버:ai_infrastructure_security","24.0","business_change","google_rss_v44_final_artifact_sync_only","CEO_Morning_Briefing"
"2026-07-27","I059","global_incident:digital_asset_policy:naver:vasp_aml_rulemaking","comp_domestic_strategy","정부_국회","4","","","True","global incident digital asset policy naver vasp aml rulemaking","global_incident:digital_asset_policy:naver:vasp_aml_rulemaking","5.0","analysis_with_direct_risk,direct_risk,general","google_rss_v44_final_artifact_sync_only","CEO_Morning_Briefing"
"2026-07-27","I063","global_incident:digital_asset_policy:naver:digital_asset_policy","comp_domestic_strategy","경쟁사_해외이슈","4","","","True","global incident digital asset policy naver digital asset policy","global_incident:digital_asset_policy:naver:digital_asset_policy","0.0","direct_risk","google_rss_v44_final_artifact_sync_only","CEO_Morning_Briefing"
"2026-07-27","I064","global_incident:platform_regulation:platform_sector:platform_regulation","government_ai_core_policy","자사_및_계열사_이슈","5","","","True","global incident platform regulation platform sector platform regulation","global_incident:platform_regulation:platform_sector:platform_regulation","24.0","business_change,direct_risk,official_action","google_rss_v44_final_artifact_sync_only","CEO_Morning_Briefing"
"2026-07-27","I065","global_incident:platform_enforcement:coupang:privacy_data_violation","comp_domestic_direct_risk","경쟁사_해외이슈","4","","","True","global incident platform enforcement coupang privacy data violation","v27:platform_enforcement:coupang:privacy_data_violation","0.0","direct_risk","google_rss_v44_final_artifact_sync_only","CEO_Morning_Briefing"
"2026-07-27","I067","government_ai_core_policy:9500억달러 ai 협력 본격화 정부 글로벌 빅테크와 공급망 동맹 강화","government_ai_core_policy","정부_국회","5","","","True","government ai core policy 9500억달러 ai 협력 본격화 정부 글로벌 빅테크와 공급망 동맹 강화","","0.0","business_change","google_rss_v44_final_artifact_sync_only","CEO_Morning_Briefing"
"2026-07-27","I075","self_strategic_reference:중소형 증권사 각자도생 토스 ai 카카오 토큰화 한양 파생 유진 글로벌","self_strategic_reference","자사_및_계열사_이슈","4","","","True","self strategic reference 중소형 증권사 각자도생 토스 ai 카카오 토큰화 한양 파생 유진 글로벌","event:카카오+토스:ai_infrastructure_security","0.0","business_change","google_rss_v44_final_artifact_sync_only","CEO_Morning_Briefing"
"2026-07-27","I133","government_ai_core_policy:이찬진 금융감독원장 emeap 회의 참석 금융권 ai 공급망 리스크 논의","government_ai_core_policy","정부_국회","5","","","True","government ai core policy 이찬진 금융감독원장 emeap 회의 참석 금융권 ai 공급망 리스크 논의","event:금감원:ai_infrastructure_security","14.0","business_change","google_rss_v44_final_artifact_sync_only","CEO_Morning_Briefing"
"2026-07-27","I141","self_strategic_reference:카카오 토스 서클과 원화 스테이블코인 협력 결제 인프라 구축 나서","self_strategic_reference","자사_및_계열사_이슈","4","","","True","self strategic reference 카카오 토스 서클과 원화 스테이블코인 협력 결제 인프라 구축 나서","event:카카오+토스:digital_asset_stablecoin+stablecoin","0.0","general","google_rss_v44_final_artifact_sync_only","CEO_Morning_Briefing"
"2026-07-27","I205","self_filler_reference:토큰화 앞세운 카카오페이 증권사와 손잡은 이유는 도예리의 디지털자산 노트","self_filler_reference","자사_및_계열사_이슈","2","","","True","self filler reference 토큰화 앞세운 카카오페이 증권사와 손잡은 이유는 도예리의 디지털자산 노트","event:카카오+카카오페이:digital_asset_stablecoin","0.0","general","google_rss_v44_final_artifact_sync_only","CEO_Morning_Briefing"
"2026-07-28","I002","comp_domestic_ai_platform:엔비디아 네이버 skt와 손잡고 ai 안전 전선 구축","comp_domestic_ai_platform","경쟁사_해외이슈","4","","","True","comp domestic ai platform 엔비디아 네이버 skt와 손잡고 ai 안전 전선 구축","event:SKT+네이버:ai_infrastructure_security","24.0","analysis_feature,business_change","google_rss_v44_final_artifact_sync_only","CEO_Morning_Briefing"
"2026-07-28","I023","comp_domestic_ai_platform:네이버 엔비디아와 손잡고 ai 클라우드 인프라 구축 1기가와트 규모 확장 btc nvidia naver ai","comp_domestic_ai_platform","경쟁사_해외이슈","4","","","True","comp domestic ai platform 네이버 엔비디아와 손잡고 ai 클라우드 인프라 구축 1기가와트 규모 확장 btc nvidia naver ai","event:네이버:ai_infrastructure_security","14.0","business_change","google_rss_v44_final_artifact_sync_only","CEO_Morning_Briefing"
"2026-07-28","I035","global_incident:ai_security_policy:naver:ai_security_policy","comp_domestic_ai_platform","경쟁사_해외이슈","4","","","True","global incident ai security policy naver ai security policy","global_incident:ai_security_policy:naver:ai_security_policy","24.0","direct_risk","google_rss_v44_final_artifact_sync_only","CEO_Morning_Briefing"
"2026-07-28","I052","global_incident:platform_regulation:kt:platform_data_protection_obligation","comp_domestic_direct_risk","정부_국회","5","","","True","global incident platform regulation kt platform data protection obligation","privacy_security:kt:data_leak","26.0","official_action","google_rss_v44_final_artifact_sync_only","CEO_Morning_Briefing"
"2026-07-28","I053","global_incident:platform_regulation:kt:platform_operator_obligation","comp_domestic_direct_risk","경쟁사_해외이슈","4","","","True","global incident platform regulation kt platform operator obligation","privacy_security:kt:data_leak","26.0","official_action","google_rss_v44_final_artifact_sync_only","CEO_Morning_Briefing"
"2026-07-28","I056","global_incident:leadership_service:naver:leadership_service","comp_domestic_strategy","경쟁사_해외이슈","4","","","True","global incident leadership service naver leadership service","global_incident:leadership_service:naver:leadership_service","24.0","business_change,direct_risk","google_rss_v44_final_artifact_sync_only","CEO_Morning_Briefing"
"2026-07-28","I057","global_incident:platform_regulation:kt:platform_regulation","comp_domestic_direct_risk","정부_국회","5","","","True","global incident platform regulation kt platform regulation","privacy_security:kt:data_leak","36.0","official_action","google_rss_v44_final_artifact_sync_only","CEO_Morning_Briefing"
"2026-07-28","I061","global_incident:platform_regulation:platform_sector:platform_regulation","comp_overseas_platform_ai","정부_국회","5","","","True","global incident platform regulation platform sector platform regulation","global_incident:platform_regulation:platform_sector:platform_regulation","14.0","business_change,general","google_rss_v44_final_artifact_sync_only","CEO_Morning_Briefing"
"2026-07-28","I063","government_ai_core_policy:과기정통부 amd와 ai 반도체 협력 국산 npu 글로벌 진출 지원","government_ai_core_policy","정부_국회","5","","","True","government ai core policy 과기정통부 amd와 ai 반도체 협력 국산 npu 글로벌 진출 지원","event:과기정통부:ai_infrastructure_security+aidc_datacenter","14.0","business_change","google_rss_v44_final_artifact_sync_only","CEO_Morning_Briefing"
"2026-07-28","I089","카카오 노조 임단협/파업 및 내부 갈등","self_labor","자사_및_계열사_이슈","5","","","True","카카오 노조 임단협 파업 및 내부 갈등","global_incident:labor_ir:kakao:strike_negotiation","24.0","direct_risk","google_rss_v44_final_artifact_sync_only","CEO_Morning_Briefing"
"2026-07-28","I093","self_legal_regulatory:카카오그룹 블록체인 계열사 직원들 세금소송 패소","self_legal_regulatory","자사_및_계열사_이슈","5","","","True","self legal regulatory 카카오그룹 블록체인 계열사 직원들 세금소송 패소","event:카카오:digital_asset_stablecoin","14.0","direct_risk","google_rss_v44_final_artifact_sync_only","CEO_Morning_Briefing"
"2026-07-28","I094","self_legal_regulatory:카카오 블록체인 전 직원들 세금소송 패소 법원 비밀유지 대가 가상자산 사례금","self_legal_regulatory","자사_및_계열사_이슈","5","","","True","self legal regulatory 카카오 블록체인 전 직원들 세금소송 패소 법원 비밀유지 대가 가상자산 사례금","event:카카오:digital_asset_stablecoin+stablecoin","14.0","direct_risk","google_rss_v44_final_artifact_sync_only","CEO_Morning_Briefing"
"2026-07-28","I119","government_ai_core_policy:과기정통부 amd와 개방형 ai 반도체 생태계 구축 국산 npu 활용","government_ai_core_policy","정부_국회","5","","","True","government ai core policy 과기정통부 amd와 개방형 ai 반도체 생태계 구축 국산 npu 활용","event:과기정통부:ai_infrastructure_security+aidc_datacenter","14.0","business_change","google_rss_v44_final_artifact_sync_only","CEO_Morning_Briefing"
"2026-07-29","I002","comp_domestic_ai_platform:한투증권 네이버 엔비디아 투자로 ai 파트너십 강화","comp_domestic_ai_platform","경쟁사_해외이슈","4","","","True","comp domestic ai platform 한투증권 네이버 엔비디아 투자로 ai 파트너십 강화","event:네이버:ai_infrastructure_security","14.0","business_change","google_rss_v44_final_artifact_sync_only","CEO_Morning_Briefing"
"2026-07-29","I004","comp_domestic_ai_platform:네이버 엔비디아 브룩필드 한국 국가 ai 팩토리 인프라 확대","comp_domestic_ai_platform","경쟁사_해외이슈","4","","","True","comp domestic ai platform 네이버 엔비디아 브룩필드 한국 국가 ai 팩토리 인프라 확대","event:네이버:ai_infrastructure_security","24.0","business_change","google_rss_v44_final_artifact_sync_only","CEO_Morning_Briefing"
"2026-07-29","I018","comp_domestic_ai_platform:네이버의 14조 ai팩토리 공급도 자금도 시간도 샀다","comp_domestic_ai_platform","경쟁사_해외이슈","4","","","True","comp domestic ai platform 네이버의 14조 ai팩토리 공급도 자금도 시간도 샀다","event:네이버:ai_infrastructure_security","24.0","business_change","google_rss_v44_final_artifact_sync_only","CEO_Morning_Briefing"
"2026-07-29","I020","global_incident:platform_regulation:kt:platform_data_protection_obligation","comp_domestic_direct_risk","정부_국회","5","","","True","global incident platform regulation kt platform data protection obligation","privacy_security:kt:data_leak","42.0","official_action","google_rss_v44_final_artifact_sync_only","CEO_Morning_Briefing"
"2026-07-29","I030","comp_domestic_strategy:skt 6880억개 매개변수 a x k2 공개 제조 국방 바이오로 확산","comp_domestic_strategy","경쟁사_해외이슈","4","","","True","comp domestic strategy skt 6880억개 매개변수 a x k2 공개 제조 국방 바이오로 확산","","24.0","general","google_rss_v44_final_artifact_sync_only","CEO_Morning_Briefing"
"2026-07-29","I033","self_direct_risk:네이버 웃고 카카오 주춤 2분기 실적 ai 수익화가 변수","self_direct_risk","자사_및_계열사_이슈","5","","","True","self direct risk 네이버 웃고 카카오 주춤 2분기 실적 ai 수익화가 변수","event:네이버+카카오:ai_infrastructure_security+financial_performance","24.0","direct_risk","google_rss_v44_final_artifact_sync_only","CEO_Morning_Briefing"
"2026-07-29","I036","global_incident:platform_regulation:naver:platform_operator_obligation","comp_domestic_finance_commerce","정부_국회","5","","","True","global incident platform regulation naver platform operator obligation","global_incident:platform_regulation:naver:platform_operator_obligation","14.0","direct_risk,general,official_action","google_rss_v44_final_artifact_sync_only","CEO_Morning_Briefing"
"2026-07-29","I037","global_incident:platform_enforcement:coupang:delivery_platform_fee_mfn","comp_domestic_direct_risk","경쟁사_해외이슈","4","","","True","global incident platform enforcement coupang delivery platform fee mfn","v27:platform_enforcement:coupang:delivery_platform_fee_mfn","14.0","official_action","google_rss_v44_final_artifact_sync_only","CEO_Morning_Briefing"
"2026-07-29","I071","government_ai_core_policy:울산시 국산 npu vlm 결합 지능형 cctv 관제체계 구축 ax 기반 안전도시 박차","government_ai_core_policy","정부_국회","4","","","True","government ai core policy 울산시 국산 npu vlm 결합 지능형 cctv 관제체계 구축 ax 기반 안전도시 박차","","14.0","general","google_rss_v44_final_artifact_sync_only","CEO_Morning_Briefing"
"2026-07-29","I074","comp_overseas_regulation_data:kb금융 구글 클라우드와 전략적 협업으로 그룹 ax 가속화 추진","comp_overseas_regulation_data","경쟁사_해외이슈","4","","","True","comp overseas regulation data kb금융 구글 클라우드와 전략적 협업으로 그룹 ax 가속화 추진","event:구글:policy_legislation","14.0","business_change","google_rss_v44_final_artifact_sync_only","CEO_Morning_Briefing"
"2026-07-29","I078","global_incident:leadership_service:kakao:leadership_service","self_leadership_service","자사_및_계열사_이슈","5","","","True","global incident leadership service kakao leadership service","global_incident:leadership_service:kakao:leadership_service","14.0","direct_risk","google_rss_v44_final_artifact_sync_only","CEO_Morning_Briefing"
"2026-07-29","I084","카카오 노조 임단협/파업 및 내부 갈등","self_labor","자사_및_계열사_이슈","5","","","True","카카오 노조 임단협 파업 및 내부 갈등","global_incident:labor_ir:kakao:strike_negotiation","14.0","direct_risk","google_rss_v44_final_artifact_sync_only","CEO_Morning_Briefing"
"2026-07-29","I089","government_ai_core_policy:산학 협력으로 ai 인재 키운다 과기정통부 ai 인재양성 비전선포","government_ai_core_policy","정부_국회","5","","","True","government ai core policy 산학 협력으로 ai 인재 키운다 과기정통부 ai 인재양성 비전선포","event:과기정통부:ai_infrastructure_security","24.0","business_change","google_rss_v44_final_artifact_sync_only","CEO_Morning_Briefing"
"2026-07-31","I001","global_incident:platform_regulation:kt:platform_data_protection_obligation","comp_domestic_direct_risk","정부_국회","5","","","True","global incident platform regulation kt platform data protection obligation","privacy_security:kt:data_leak","24.0","analysis_with_direct_risk,official_action","google_rss_v44_final_artifact_sync_only","CEO_Morning_Briefing"
"2026-07-31","I003","global_incident:platform_regulation:kt:platform_algorithm_ad_obligation","comp_domestic_direct_risk","정부_국회","5","","","True","global incident platform regulation kt platform algorithm ad obligation","global_incident:platform_regulation:kt:platform_algorithm_ad_obligation","24.0","official_action","google_rss_v44_final_artifact_sync_only","CEO_Morning_Briefing"
"2026-07-31","I004","global_incident:platform_regulation:coupang:coupang_designation_disclosure","comp_domestic_direct_risk","경쟁사_해외이슈","4","","","True","global incident platform regulation coupang coupang designation disclosure","privacy_security:coupang:data_leak","24.0","direct_risk,official_action","google_rss_v44_final_artifact_sync_only","CEO_Morning_Briefing"
"2026-07-31","I007","global_incident:platform_regulation:lguplus:platform_regulation","comp_domestic_direct_risk","정부_국회","5","","","True","global incident platform regulation lguplus platform regulation","privacy_security:lguplus:data_leak","24.0","direct_risk,official_action","google_rss_v44_final_artifact_sync_only","CEO_Morning_Briefing"
"2026-07-31","I008","comp_domestic_ai_platform:구글보다 13년 늦었다 네이버 클라우드 빗장 이제야 푼 속내 팩플","comp_domestic_ai_platform","경쟁사_해외이슈","4","","","True","comp domestic ai platform 구글보다 13년 늦었다 네이버 클라우드 빗장 이제야 푼 속내 팩플","event:구글+네이버:ai_infrastructure_security","24.0","general","google_rss_v44_final_artifact_sync_only","CEO_Morning_Briefing"
"2026-07-31","I026","국가 AI 인프라/AIDC/GPU 정책","comp_domestic_ai_platform","정부_국회","5","","","True","국가 ai 인프라 aidc gpu 정책","privacy_security:kt:data_leak","29.0","analysis_feature,business_change,direct_risk,general,official_action","google_rss_v44_final_artifact_sync_only","CEO_Morning_Briefing"
"2026-07-31","I038","global_incident:ai_security_policy:google:anthropic_glasswing_security","comp_overseas_regulation_data","경쟁사_해외이슈","4","","","True","global incident ai security policy google anthropic glasswing security","global_incident:ai_security_policy:google:anthropic_glasswing_security","24.0","business_change,direct_risk,general","google_rss_v44_final_artifact_sync_only","CEO_Morning_Briefing"
"2026-07-31","I040","global_incident:ai_security_policy:openai:anthropic_glasswing_security","comp_overseas_platform_ai","경쟁사_해외이슈","4","","","True","global incident ai security policy openai anthropic glasswing security","privacy_security:openai:data_leak","24.0","business_change,direct_risk","google_rss_v44_final_artifact_sync_only","CEO_Morning_Briefing"
"2026-07-31","I046","global_incident:mna_capital:meta:mna_capital","comp_overseas_regulation_data","경쟁사_해외이슈","4","","","True","global incident mna capital meta mna capital","global_incident:mna_capital:meta:mna_capital","14.0","direct_risk","google_rss_v44_final_artifact_sync_only","CEO_Morning_Briefing"
"2026-07-31","I047","global_incident:leadership_service:kakao:executive_change","self_leadership_service","자사_및_계열사_이슈","5","","","True","global incident leadership service kakao executive change","global_incident:leadership_service:kakao:executive_change","14.0","direct_risk","google_rss_v44_final_artifact_sync_only","CEO_Morning_Briefing"
"2026-07-31","I048","global_incident:platform_regulation:kakao:platform_regulation","self_privacy_security","자사_및_계열사_이슈","5","","","True","global incident platform regulation kakao platform regulation","global_incident:platform_regulation:kakao:platform_regulation","14.0","direct_risk,general,official_action","google_rss_v44_final_artifact_sync_only","CEO_Morning_Briefing"
"2026-07-31","I050","카카오 노조 임단협/파업 및 내부 갈등","self_labor","자사_및_계열사_이슈","5","","","True","카카오 노조 임단협 파업 및 내부 갈등","global_incident:labor_ir:kakao:strike_negotiation","44.0","analysis_with_direct_risk,direct_risk","google_rss_v44_final_artifact_sync_only","CEO_Morning_Briefing"
"2026-07-31","I055","comp_overseas_regulation_data:클라우드 월드 삼성sds 2분기 호실적 티오더 보양식 트렌드 미소정보 gs인증 1등급 이노그리드 ai큐브잇","comp_overseas_regulation_data","경쟁사_해외이슈","4","","","True","comp overseas regulation data 클라우드 월드 삼성sds 2분기 호실적 티오더 보양식 트렌드 미소정보 gs인증 1등급 이노그리드 ai큐브잇","event:구글+오픈AI:ai_infrastructure_security+deepfake_youth","14.0","direct_risk","google_rss_v44_final_artifact_sync_only","CEO_Morning_Briefing"
"2026-08-03","I001","global_incident:financial_regulation:naver:financial_product_case","comp_domestic_direct_risk","경쟁사_해외이슈","4","","","True","global incident financial regulation naver financial product case","privacy_security:coupang:data_leak","14.0","direct_risk","google_rss_v44_final_artifact_sync_only","CEO_Morning_Briefing"
"2026-08-03","I005","comp_domestic_ai_platform:엔비디아 1 5조 투자 뜯어보니 네이버 ai팩토리 10조 금융 구조 드러났다","comp_domestic_ai_platform","경쟁사_해외이슈","4","","","True","comp domestic ai platform 엔비디아 1 5조 투자 뜯어보니 네이버 ai팩토리 10조 금융 구조 드러났다","event:네이버:ai_infrastructure_security","24.0","business_change","google_rss_v44_final_artifact_sync_only","CEO_Morning_Briefing"
"2026-08-03","I012","국가 AI 인프라/AIDC/GPU 정책","comp_domestic_ai_platform","정부_국회","5","","","True","국가 ai 인프라 aidc gpu 정책","privacy_security:kt:data_leak","24.0","analysis_feature,business_change,direct_risk,general,official_action","google_rss_v44_final_artifact_sync_only","CEO_Morning_Briefing"
"2026-08-03","I016","comp_domestic_ai_platform:242억원 국방 특화 llm 사업 한화 네이버클라우드 컨소시엄 우협 선정","comp_domestic_ai_platform","경쟁사_해외이슈","4","","","True","comp domestic ai platform 242억원 국방 특화 llm 사업 한화 네이버클라우드 컨소시엄 우협 선정","event:네이버:ai_infrastructure_security+strategy_mna_governance","24.0","general","google_rss_v44_final_artifact_sync_only","CEO_Morning_Briefing"
"2026-08-03","I023","global_incident:platform_regulation:kt:platform_algorithm_ad_obligation","comp_domestic_direct_risk","정부_국회","5","","","True","global incident platform regulation kt platform algorithm ad obligation","global_incident:platform_regulation:kt:platform_algorithm_ad_obligation","0.0","official_action","google_rss_v44_final_artifact_sync_only","CEO_Morning_Briefing"
"2026-08-03","I033","global_incident:platform_enforcement:google:app_market_payment_fee","government_platform_regulation","정부_국회","5","","","True","global incident platform enforcement google app market payment fee","v27:platform_enforcement:google:app_market_payment_fee","24.0","official_action","google_rss_v44_final_artifact_sync_only","CEO_Morning_Briefing"
"2026-08-03","I037","self_direct_risk:실적 발표 슈퍼위크 한화 쿠팡 현대백화점부터 대우건설 skt 카카오 네이버 금호석유화학까지","self_direct_risk","자사_및_계열사_이슈","5","","","True","self direct risk 실적 발표 슈퍼위크 한화 쿠팡 현대백화점부터 대우건설 skt 카카오 네이버 금호석유화학까지","event:SKT+네이버:financial_performance","24.0","direct_risk","google_rss_v44_final_artifact_sync_only","CEO_Morning_Briefing"
"2026-08-03","I038","AI 정책 컨트롤타워 인선/공백","comp_overseas_platform_ai","정부_국회","5","","","True","ai 정책 컨트롤타워 인선 공백","event:행안부:ai_infrastructure_security+financial_performance","24.0","business_change,direct_risk","google_rss_v44_final_artifact_sync_only","CEO_Morning_Briefing"
"2026-08-03","I044","global_incident:ai_security_policy:google:anthropic_glasswing_security","comp_overseas_regulation_data","경쟁사_해외이슈","4","","","True","global incident ai security policy google anthropic glasswing security","global_incident:ai_security_policy:google:anthropic_glasswing_security","24.0","business_change,direct_risk,general","google_rss_v44_final_artifact_sync_only","CEO_Morning_Briefing"
"2026-08-03","I062","global_incident:platform_regulation:platform_sector:platform_data_protection_obligation","government_platform_regulation","정부_국회","5","","","True","global incident platform regulation platform sector platform data protection obligation","global_incident:platform_regulation:platform_sector:platform_data_protection_obligation","14.0","official_action","google_rss_v44_final_artifact_sync_only","CEO_Morning_Briefing"
"2026-08-03","I068","카카오 노조 임단협/파업 및 내부 갈등","self_labor","자사_및_계열사_이슈","5","","","True","카카오 노조 임단협 파업 및 내부 갈등","global_incident:labor_ir:kakao:strike_negotiation","24.0","direct_risk,official_action","google_rss_v44_final_artifact_sync_only","CEO_Morning_Briefing"
"2026-08-03","I071","카카오게임즈 최대주주 변경 및 공동대표 체제","self_governance_mna","자사_및_계열사_이슈","5","","","True","카카오게임즈 최대주주 변경 및 공동대표 체제","global_incident:leadership_service:kakao:executive_change","0.0","direct_risk","google_rss_v44_final_artifact_sync_only","CEO_Morning_Briefing"
"2026-08-03","I106","government_ai_core_policy:미 중 경쟁 2 0 시대 피지컬 ai 공급망 거센 공세 k 제조 아키텍처 자산화 로 대체불가성 굳혀야","government_ai_core_policy","정부_국회","4","","","True","government ai core policy 미 중 경쟁 2 0 시대 피지컬 ai 공급망 거센 공세 k 제조 아키텍처 자산화 로 대체불가성 굳혀야","","14.0","business_change","google_rss_v44_final_artifact_sync_only","CEO_Morning_Briefing"
"2026-08-04","I005","comp_domestic_ai_platform:네이버 장 초반 8 대 강세 ai 팩토리 기대감 쑥","comp_domestic_ai_platform","경쟁사_해외이슈","4","","","True","comp domestic ai platform 네이버 장 초반 8 대 강세 ai 팩토리 기대감 쑥","event:네이버:ai_infrastructure_security","24.0","business_change","google_rss_v44_final_artifact_sync_only","CEO_Morning_Briefing"
"2026-08-04","I014","comp_domestic_ai_platform:기업 네이버 엔비디아 브룩필드와 ai 팩토리 글로벌 협력 확대","comp_domestic_ai_platform","경쟁사_해외이슈","4","","","True","comp domestic ai platform 기업 네이버 엔비디아 브룩필드와 ai 팩토리 글로벌 협력 확대","event:네이버:ai_infrastructure_security","14.0","business_change","google_rss_v44_final_artifact_sync_only","CEO_Morning_Briefing"
"2026-08-04","I034","global_incident:platform_regulation:skt:platform_regulation","comp_domestic_direct_risk","경쟁사_해외이슈","5","","","True","global incident platform regulation skt platform regulation","global_incident:platform_regulation:skt:platform_regulation","19.0","official_action","google_rss_v44_final_artifact_sync_only","CEO_Morning_Briefing"
"2026-08-04","I035","comp_domestic_finance_commerce:네이버 쇼핑 가구매 정말 안전할까 연매출 200억 광고사 지사장이 말하는 현실","comp_domestic_finance_commerce","경쟁사_해외이슈","4","","","True","comp domestic finance commerce 네이버 쇼핑 가구매 정말 안전할까 연매출 200억 광고사 지사장이 말하는 현실","event:네이버:financial_performance","14.0","general","google_rss_v44_final_artifact_sync_only","CEO_Morning_Briefing"
"2026-08-04","I043","global_incident:platform_regulation:fair_trade_authority:platform_regulation","government_ai_core_policy","정부_국회","5","","","True","global incident platform regulation fair trade authority platform regulation","global_incident:platform_regulation:fair_trade_authority:platform_regulation","24.0","direct_risk,official_action","google_rss_v44_final_artifact_sync_only","CEO_Morning_Briefing"
"2026-08-04","I044","global_incident:ai_security_policy:lguplus:ai_security_policy","comp_domestic_ai_platform","경쟁사_해외이슈","4","","","True","global incident ai security policy lguplus ai security policy","global_incident:ai_security_policy:lguplus:ai_security_policy","24.0","direct_risk","google_rss_v44_final_artifact_sync_only","CEO_Morning_Briefing"
"2026-08-04","I048","global_incident:platform_regulation:google:platform_operator_obligation","comp_overseas_platform_ai","정부_국회","5","","","True","global incident platform regulation google platform operator obligation","global_incident:platform_regulation:google:platform_operator_obligation","24.0","business_change,direct_risk,general,official_action","google_rss_v44_final_artifact_sync_only","CEO_Morning_Briefing"
"2026-08-04","I069","global_incident:digital_asset_policy:kakao:stablecoin_policy","self_strategic_reference","자사_및_계열사_이슈","4","","","True","global incident digital asset policy kakao stablecoin policy","global_incident:digital_asset_policy:kakao:stablecoin_policy","14.0","general","google_rss_v44_final_artifact_sync_only","CEO_Morning_Briefing"
"2026-08-04","I072","global_incident:platform_regulation:coupang:platform_operator_obligation","comp_domestic_direct_risk","정부_국회","4","","","True","global incident platform regulation coupang platform operator obligation","global_incident:platform_regulation:coupang:platform_operator_obligation","24.0","official_action","google_rss_v44_final_artifact_sync_only","CEO_Morning_Briefing"
"2026-08-04","I082","global_incident:platform_regulation:platform_sector:platform_regulation","government_ai_core_policy","정부_국회","5","","","True","global incident platform regulation platform sector platform regulation","global_incident:platform_regulation:platform_sector:platform_regulation","24.0","business_change,direct_risk,general","google_rss_v44_final_artifact_sync_only","CEO_Morning_Briefing"
"2026-08-04","I087","global_incident:mna_capital:kakao:mna_capital","self_governance_mna","자사_및_계열사_이슈","5","","","True","global incident mna capital kakao mna capital","global_incident:mna_capital:kakao:mna_capital","24.0","direct_risk","google_rss_v44_final_artifact_sync_only","CEO_Morning_Briefing"
"2026-08-04","I094","global_incident:platform_regulation:kakao:platform_operator_obligation","self_legal_regulatory","자사_및_계열사_이슈","5","","","True","global incident platform regulation kakao platform operator obligation","global_incident:platform_regulation:kakao:platform_operator_obligation","19.0","general,official_action","google_rss_v44_final_artifact_sync_only","CEO_Morning_Briefing"
"2026-08-04","I144","government_ai_core_policy:ai 전력난에 흔들리는 re100 삼전도 원전 확대 요청","government_ai_core_policy","정부_국회","4","","","True","government ai core policy ai 전력난에 흔들리는 re100 삼전도 원전 확대 요청","","14.0","business_change","google_rss_v44_final_artifact_sync_only","CEO_Morning_Briefing"
"2026-08-05","I001","국가 AI 인프라/AIDC/GPU 정책","comp_domestic_ai_platform","정부_국회","5","","","True","국가 ai 인프라 aidc gpu 정책","event:과기정통부:ai_infrastructure_security+aidc_datacenter","24.0","business_change,direct_risk","google_rss_v44_final_artifact_sync_only","CEO_Morning_Briefing"
"2026-08-05","I002","comp_domestic_ai_platform:코스피 개인 매수세에 6350선 상승 마감 엔비디아 투자 네이버 급등 도","comp_domestic_ai_platform","경쟁사_해외이슈","4","","","True","comp domestic ai platform 코스피 개인 매수세에 6350선 상승 마감 엔비디아 투자 네이버 급등 도","event:네이버:ai_infrastructure_security","14.0","general","google_rss_v44_final_artifact_sync_only","CEO_Morning_Briefing"
"2026-08-05","I006","comp_domestic_finance_commerce:skt 과장광고 판결 경쟁사 lte랑 비교하고 skt가 5g 속도 1등","comp_domestic_finance_commerce","경쟁사_해외이슈","4","","","True","comp domestic finance commerce skt 과장광고 판결 경쟁사 lte랑 비교하고 skt가 5g 속도 1등","event:SKT:legal_regulatory_enforcement","14.0","direct_risk","google_rss_v44_final_artifact_sync_only","CEO_Morning_Briefing"
"2026-08-05","I007","global_incident:platform_regulation:coupang:platform_operator_obligation","comp_domestic_direct_risk","정부_국회","5","","","True","global incident platform regulation coupang platform operator obligation","global_incident:platform_regulation:coupang:platform_operator_obligation","29.0","official_action","google_rss_v44_final_artifact_sync_only","CEO_Morning_Briefing"
"2026-08-05","I019","AI 정책 컨트롤타워 인선/공백","self_filler_reference","자사_및_계열사_이슈","5","","","True","ai 정책 컨트롤타워 인선 공백","global_incident:mna_capital:kakao:mna_capital","24.0","business_change,direct_risk","google_rss_v44_final_artifact_sync_only","CEO_Morning_Briefing"
"2026-08-05","I031","global_incident:mna_capital:kakao:mna_capital","self_governance_mna","자사_및_계열사_이슈","5","","","True","global incident mna capital kakao mna capital","global_incident:mna_capital:kakao:mna_capital","24.0","direct_risk","google_rss_v44_final_artifact_sync_only","CEO_Morning_Briefing"
"2026-08-05","I035","global_incident:mna_capital:google:mna_capital","government_ai_core_policy","정부_국회","4","","","True","global incident mna capital google mna capital","global_incident:mna_capital:google:mna_capital","24.0","direct_risk","google_rss_v44_final_artifact_sync_only","CEO_Morning_Briefing"
"2026-08-05","I038","global_incident:platform_regulation:platform_sector:platform_regulation","government_general_low_relevance","정부_국회","5","","","True","global incident platform regulation platform sector platform regulation","global_incident:platform_regulation:platform_sector:platform_regulation","14.0","business_change,direct_risk,general,official_action","google_rss_v44_final_artifact_sync_only","CEO_Morning_Briefing"
"2026-08-05","I041","self_direct_risk:카카오 광고 회복에 실적 개선 카톡 ai 서비스 사업화 속도","self_direct_risk","자사_및_계열사_이슈","5","","","True","self direct risk 카카오 광고 회복에 실적 개선 카톡 ai 서비스 사업화 속도","event:카카오+카카오서비스:ai_infrastructure_security+financial_performance","14.0","direct_risk","google_rss_v44_final_artifact_sync_only","CEO_Morning_Briefing"
"2026-08-05","I057","카카오페이 슈퍼월렛 원화코인/스테이블코인 구상","self_strategic_reference","자사_및_계열사_이슈","5","","","True","카카오페이 슈퍼월렛 원화코인 스테이블코인 구상","event:카카오+카카오페이:ai_infrastructure_security+digital_asset_stablecoin","19.0","direct_risk,general","google_rss_v44_final_artifact_sync_only","CEO_Morning_Briefing"
"2026-08-05","I095","global_incident:platform_regulation:fair_trade_authority:platform_algorithm_ad_obligation","government_regulatory_enforcement","정부_국회","5","","","True","global incident platform regulation fair trade authority platform algorithm ad obligation","global_incident:platform_regulation:fair_trade_authority:platform_algorithm_ad_obligation","14.0","official_action","google_rss_v44_final_artifact_sync_only","CEO_Morning_Briefing"
"2026-08-05","I118","government_ai_core_policy:과기정통부 신한그룹 ai 교육 mou 체결 유휴부지에 ai 배움터","government_ai_core_policy","정부_국회","5","","","True","government ai core policy 과기정통부 신한그룹 ai 교육 mou 체결 유휴부지에 ai 배움터","event:과기정통부:ai_infrastructure_security","14.0","business_change","google_rss_v44_final_artifact_sync_only","CEO_Morning_Briefing"
"2026-08-05","I156","global_incident:ai_security_policy:sector:ai_security_policy","government_ai_core_policy","정부_국회","4","","","True","global incident ai security policy sector ai security policy","global_incident:ai_security_policy:sector:ai_security_policy","24.0","direct_risk","google_rss_v44_final_artifact_sync_only","CEO_Morning_Briefing"
"2026-08-05","I181","industry_structural_change:웹 공격 암호화 트래픽 통제 수요 확대 보안 웹 게이트웨이 시장 고속 성장","industry_structural_change","산업동향","3","","","True","industry structural change 웹 공격 암호화 트래픽 통제 수요 확대 보안 웹 게이트웨이 시장 고속 성장","","24.0","direct_risk","google_rss_v44_final_artifact_sync_only","CEO_Morning_Briefing"
"2026-08-06","I001","global_incident:platform_regulation:naver:platform_content_moderation_obligation","comp_domestic_direct_risk","경쟁사_해외이슈","4","","","True","global incident platform regulation naver platform content moderation obligation","global_incident:platform_regulation:naver:platform_content_moderation_obligation","24.0","general,official_action","google_rss_v44_final_artifact_sync_only","CEO_Morning_Briefing"
"2026-08-06","I003","comp_domestic_ai_platform:네이버 ai 팩토리 승부수 자산 라이트 실속 챙겨","comp_domestic_ai_platform","경쟁사_해외이슈","4","","","True","comp domestic ai platform 네이버 ai 팩토리 승부수 자산 라이트 실속 챙겨","event:네이버:ai_infrastructure_security","24.0","business_change","google_rss_v44_final_artifact_sync_only","CEO_Morning_Briefing"
"2026-08-06","I005","국가 AI 인프라/AIDC/GPU 정책","comp_domestic_ai_platform","자사_및_계열사_이슈","5","","","True","국가 ai 인프라 aidc gpu 정책","global_incident:leadership_service:kakao:leadership_service","29.0","analysis_feature,business_change,direct_risk,general,market_commentary","google_rss_v44_final_artifact_sync_only","CEO_Morning_Briefing"
"2026-08-06","I011","global_incident:mna_capital:lguplus:mna_capital","comp_domestic_strategy","경쟁사_해외이슈","4","","","True","global incident mna capital lguplus mna capital","global_incident:mna_capital:lguplus:mna_capital","14.0","direct_risk","google_rss_v44_final_artifact_sync_only","CEO_Morning_Briefing"
"2026-08-06","I013","global_incident:platform_regulation:coupang:platform_operator_obligation","comp_domestic_direct_risk","정부_국회","5","","","True","global incident platform regulation coupang platform operator obligation","global_incident:platform_regulation:coupang:platform_operator_obligation","14.0","official_action","google_rss_v44_final_artifact_sync_only","CEO_Morning_Briefing"
"2026-08-06","I017","self_direct_risk:0806주요일정 카카오 kt g lg유플러스 cj enm 등 실적발표 예정","self_direct_risk","자사_및_계열사_이슈","5","","","True","self direct risk 0806주요일정 카카오 kt g lg유플러스 cj enm 등 실적발표 예정","event:KT+LGU+:financial_performance","24.0","direct_risk","google_rss_v44_final_artifact_sync_only","CEO_Morning_Briefing"
"2026-08-06","I018","global_incident:ai_security_policy:sector:ai_security_policy","government_ai_core_policy","정부_국회","4","","","True","global incident ai security policy sector ai security policy","global_incident:ai_security_policy:sector:ai_security_policy","24.0","direct_risk","google_rss_v44_final_artifact_sync_only","CEO_Morning_Briefing"
"2026-08-06","I035","카카오게임즈 최대주주 변경 및 공동대표 체제","self_filler_reference","자사_및_계열사_이슈","5","","","True","카카오게임즈 최대주주 변경 및 공동대표 체제","global_incident:leadership_service:kakao:leadership_service","19.0","analysis_with_direct_risk,direct_risk","google_rss_v44_final_artifact_sync_only","CEO_Morning_Briefing"
"2026-08-06","I037","government_ai_core_policy:스페이스x 2분기 7700억 원대 순손실 ai 우주개발 투자 부담 kdf world","government_ai_core_policy","정부_국회","4","","","True","government ai core policy 스페이스x 2분기 7700억 원대 순손실 ai 우주개발 투자 부담 kdf world","","24.0","business_change","google_rss_v44_final_artifact_sync_only","CEO_Morning_Briefing"
"2026-08-06","I038","government_ai_core_policy:삼일pwc 올해 글로벌 m a 거래 5년 만에 최대 전망 ai에 투자 집중","government_ai_core_policy","정부_국회","4","","","True","government ai core policy 삼일pwc 올해 글로벌 m a 거래 5년 만에 최대 전망 ai에 투자 집중","","12.0","analysis_feature","google_rss_v44_final_artifact_sync_only","CEO_Morning_Briefing"
"2026-08-06","I063","global_incident:mna_capital:google:mna_capital","comp_overseas_regulation_data","경쟁사_해외이슈","4","","","True","global incident mna capital google mna capital","global_incident:mna_capital:google:mna_capital","14.0","direct_risk","google_rss_v44_final_artifact_sync_only","CEO_Morning_Briefing"
"2026-08-06","I108","government_ai_core_policy:과기정통부 국산 ai 반도체 사업 합동 착수보고회 개최","government_ai_core_policy","정부_국회","5","","","True","government ai core policy 과기정통부 국산 ai 반도체 사업 합동 착수보고회 개최","event:과기정통부:ai_infrastructure_security","24.0","business_change","google_rss_v44_final_artifact_sync_only","CEO_Morning_Briefing"
"2026-08-06","I114","government_ai_core_policy:과기정통부 국산 ai 반도체 실증에 600억 투입 제품 서비스 개발 추진","government_ai_core_policy","정부_국회","5","","","True","government ai core policy 과기정통부 국산 ai 반도체 실증에 600억 투입 제품 서비스 개발 추진","event:과기정통부:ai_infrastructure_security","24.0","business_change","google_rss_v44_final_artifact_sync_only","CEO_Morning_Briefing"
"2026-08-07","I002","global_incident:platform_regulation:coupang:coupang_designation_disclosure","comp_domestic_direct_risk","경쟁사_해외이슈","4","","","True","global incident platform regulation coupang coupang designation disclosure","global_incident:platform_regulation:coupang:coupang_designation_disclosure","14.0","direct_risk,official_action","google_rss_v44_final_artifact_sync_only","CEO_Morning_Briefing"
"2026-08-07","I003","comp_domestic_ai_platform:컨콜 네이버 ai 팩토리 장기 영업이익률 20 이상 목표","comp_domestic_ai_platform","경쟁사_해외이슈","4","","","True","comp domestic ai platform 컨콜 네이버 ai 팩토리 장기 영업이익률 20 이상 목표","event:네이버:ai_infrastructure_security+financial_performance","24.0","business_change","google_rss_v44_final_artifact_sync_only","CEO_Morning_Briefing"
"2026-08-07","I004","comp_domestic_ai_platform:네이버 ai가 실적도 키웠다 엔비디아 ai 팩토리로 새 성장축 확보","comp_domestic_ai_platform","경쟁사_해외이슈","4","","","True","comp domestic ai platform 네이버 ai가 실적도 키웠다 엔비디아 ai 팩토리로 새 성장축 확보","event:네이버:ai_infrastructure_security+financial_performance","24.0","direct_risk","google_rss_v44_final_artifact_sync_only","CEO_Morning_Briefing"
"2026-08-07","I015","comp_domestic_ai_platform:컨콜 네이버 엔비디아와 ai 팩토리 구축 사업 풀스택 역량 덕분","comp_domestic_ai_platform","경쟁사_해외이슈","4","","","True","comp domestic ai platform 컨콜 네이버 엔비디아와 ai 팩토리 구축 사업 풀스택 역량 덕분","event:네이버:ai_infrastructure_security+financial_performance","24.0","business_change","google_rss_v44_final_artifact_sync_only","CEO_Morning_Briefing"
"2026-08-07","I039","global_incident:leadership_service:kt:leadership_service","comp_domestic_ai_platform","경쟁사_해외이슈","4","","","True","global incident leadership service kt leadership service","global_incident:leadership_service:kt:leadership_service","24.0","direct_risk,official_action","google_rss_v44_final_artifact_sync_only","CEO_Morning_Briefing"
"2026-08-07","I040","comp_domestic_ai_platform:isec 2026 ai 클라우드 시대의 자율 방어와 통합 보안 ms 위즈 lg유플러스가 제시한 미래 보안 전","comp_domestic_ai_platform","경쟁사_해외이슈","4","","","True","comp domestic ai platform isec 2026 ai 클라우드 시대의 자율 방어와 통합 보안 ms 위즈 lg유플러스가 제시한 미래 보안 전","event:LGU+:ai_infrastructure_security+phishing_security","24.0","direct_risk","google_rss_v44_final_artifact_sync_only","CEO_Morning_Briefing"
"2026-08-07","I065","국가 AI 인프라/AIDC/GPU 정책","comp_domestic_ai_platform","자사_및_계열사_이슈","5","","","True","국가 ai 인프라 aidc gpu 정책","global_incident:platform_regulation:kakao:delivery_app_fee_policy","29.0","analysis_feature,analysis_with_direct_risk,business_change,direct_risk,general,official_action","google_rss_v44_final_artifact_sync_only","CEO_Morning_Briefing"
"2026-08-07","I066","global_incident:platform_regulation:fair_trade_authority:platform_data_protection_obligation","government_regulatory_enforcement","정부_국회","5","","","True","global incident platform regulation fair trade authority platform data protection obligation","global_incident:platform_regulation:fair_trade_authority:platform_data_protection_obligation","14.0","direct_risk","google_rss_v44_final_artifact_sync_only","CEO_Morning_Briefing"
"2026-08-07","I067","global_incident:platform_regulation:platform_sector:platform_regulation","government_general_low_relevance","정부_국회","5","","","True","global incident platform regulation platform sector platform regulation","global_incident:platform_regulation:platform_sector:platform_regulation","24.0","direct_risk,general,official_action","google_rss_v44_final_artifact_sync_only","CEO_Morning_Briefing"
"2026-08-07","I077","global_incident:platform_regulation:fair_trade_authority:platform_operator_obligation","comp_domestic_direct_risk","정부_국회","4","","","True","global incident platform regulation fair trade authority platform operator obligation","global_incident:platform_regulation:fair_trade_authority:platform_operator_obligation","14.0","official_action","google_rss_v44_final_artifact_sync_only","CEO_Morning_Briefing"
"2026-08-07","I082","global_incident:platform_regulation:kakao:delivery_app_fee_policy","self_direct_risk","자사_및_계열사_이슈","5","","","True","global incident platform regulation kakao delivery app fee policy","global_incident:platform_regulation:kakao:delivery_app_fee_policy","24.0","direct_risk","google_rss_v44_final_artifact_sync_only","CEO_Morning_Briefing"
"2026-08-07","I091","global_incident:leadership_service:kakao:executive_change","self_leadership_service","자사_및_계열사_이슈","5","","","True","global incident leadership service kakao executive change","global_incident:leadership_service:kakao:executive_change","24.0","direct_risk","google_rss_v44_final_artifact_sync_only","CEO_Morning_Briefing"
"2026-08-07","I133","government_ai_core_policy:과기정통부 신한금융그룹 디지털 취약계층 ai 역량 강화 및 안전한 디지털 금융 이용을 위한 업무협약 체결","government_ai_core_policy","정부_국회","5","","","True","government ai core policy 과기정통부 신한금융그룹 디지털 취약계층 ai 역량 강화 및 안전한 디지털 금융 이용을 위한 업무협약 체결","event:과기정통부:ai_infrastructure_security","14.0","business_change","google_rss_v44_final_artifact_sync_only","CEO_Morning_Briefing"
"2026-08-10","I001","국가 AI 인프라/AIDC/GPU 정책","comp_domestic_ai_platform","자사_및_계열사_이슈","5","","","True","국가 ai 인프라 aidc gpu 정책","event:네이버+카카오:ai_infrastructure_security+aidc_datacenter","24.0","business_change,direct_risk,general,market_commentary,official_action","google_rss_v44_final_artifact_sync_only","CEO_Morning_Briefing"
"2026-08-10","I002","comp_domestic_ai_platform:ir 네이버 엔비디아와 ai 팩토리 구축 내년 상반기 매출 발생 예상","comp_domestic_ai_platform","경쟁사_해외이슈","4","","","True","comp domestic ai platform ir 네이버 엔비디아와 ai 팩토리 구축 내년 상반기 매출 발생 예상","event:네이버:ai_infrastructure_security+financial_performance","0.0","business_change","google_rss_v44_final_artifact_sync_only","CEO_Morning_Briefing"
"2026-08-10","I011","comp_domestic_ai_platform:네이버 ai 수익화 본격화 물류 강화 ai 팩토리로 성장 잇는다","comp_domestic_ai_platform","경쟁사_해외이슈","4","","","True","comp domestic ai platform 네이버 ai 수익화 본격화 물류 강화 ai 팩토리로 성장 잇는다","event:네이버:ai_infrastructure_security","14.0","business_change","google_rss_v44_final_artifact_sync_only","CEO_Morning_Briefing"
"2026-08-10","I041","comp_domestic_ai_platform:네이버 2분기 역대 최대 매출 ai 광고 첫 수익화 통했다","comp_domestic_ai_platform","경쟁사_해외이슈","4","","","True","comp domestic ai platform 네이버 2분기 역대 최대 매출 ai 광고 첫 수익화 통했다","event:네이버:ai_infrastructure_security+financial_performance","5.0","business_change","google_rss_v44_final_artifact_sync_only","CEO_Morning_Briefing"
"2026-08-10","I062","global_incident:ai_security_policy:naver:openai_security_access","comp_domestic_ai_platform","경쟁사_해외이슈","4","","","True","global incident ai security policy naver openai security access","global_incident:ai_security_policy:naver:openai_security_access","0.0","business_change","google_rss_v44_final_artifact_sync_only","CEO_Morning_Briefing"
"2026-08-10","I065","global_incident:platform_regulation:platform_sector:platform_regulation","government_general_low_relevance","정부_국회","5","","","True","global incident platform regulation platform sector platform regulation","global_incident:platform_regulation:platform_sector:platform_regulation","0.0","direct_risk,general","google_rss_v44_final_artifact_sync_only","CEO_Morning_Briefing"
"2026-08-10","I069","AI 정책 컨트롤타워 인선/공백","government_ai_core_policy","정부_국회","5","","","True","ai 정책 컨트롤타워 인선 공백","","0.0","business_change","google_rss_v44_final_artifact_sync_only","CEO_Morning_Briefing"
"2026-08-10","I074","global_incident:ai_security_policy:toss:anthropic_glasswing_security","comp_domestic_ai_platform","경쟁사_해외이슈","4","","","True","global incident ai security policy toss anthropic glasswing security","global_incident:ai_security_policy:toss:anthropic_glasswing_security","0.0","business_change","google_rss_v44_final_artifact_sync_only","CEO_Morning_Briefing"
"2026-08-10","I081","global_incident:platform_regulation:apple:platform_regulation","comp_overseas_regulation_data","정부_국회","5","","","True","global incident platform regulation apple platform regulation","global_incident:platform_regulation:apple:platform_regulation","14.0","business_change","google_rss_v44_final_artifact_sync_only","CEO_Morning_Briefing"
"2026-08-10","I095","global_incident:leadership_service:kakao:executive_change","self_direct_risk","자사_및_계열사_이슈","5","","","True","global incident leadership service kakao executive change","global_incident:leadership_service:kakao:executive_change","19.0","analysis_with_direct_risk,direct_risk","google_rss_v44_final_artifact_sync_only","CEO_Morning_Briefing"
"2026-08-10","I100","카카오 노조 임단협/파업 및 내부 갈등","self_labor","자사_및_계열사_이슈","5","","","True","카카오 노조 임단협 파업 및 내부 갈등","global_incident:labor_ir:kakao:strike_negotiation","14.0","direct_risk","google_rss_v44_final_artifact_sync_only","CEO_Morning_Briefing"
"2026-08-10","I105","global_incident:platform_regulation:platform_sector:platform_data_protection_obligation","government_ai_core_policy","정부_국회","5","","","True","global incident platform regulation platform sector platform data protection obligation","global_incident:platform_regulation:platform_sector:platform_data_protection_obligation","0.0","direct_risk","google_rss_v44_final_artifact_sync_only","CEO_Morning_Briefing"
"2026-08-10","I120","government_ai_core_policy:과기정통부 ukc서 한미 과학협력 논의 ai 우주 양자 교류 확대","government_ai_core_policy","정부_국회","5","","","True","government ai core policy 과기정통부 ukc서 한미 과학협력 논의 ai 우주 양자 교류 확대","event:과기정통부:ai_infrastructure_security","24.0","business_change","google_rss_v44_final_artifact_sync_only","CEO_Morning_Briefing"
"2026-08-11","I001","국가 AI 인프라/AIDC/GPU 정책","comp_domestic_ai_platform","자사_및_계열사_이슈","5","","","True","국가 ai 인프라 aidc gpu 정책","event:네이버+카카오:ai_infrastructure_security+aidc_datacenter","24.0","business_change,direct_risk,general","google_rss_v44_final_artifact_sync_only","CEO_Morning_Briefing"
"2026-08-11","I002","comp_domestic_ai_platform:올해는 투자 내년은 회수 네이버 ai 팩토리 2027년 매출 본격화","comp_domestic_ai_platform","경쟁사_해외이슈","4","","","True","comp domestic ai platform 올해는 투자 내년은 회수 네이버 ai 팩토리 2027년 매출 본격화","event:네이버:ai_infrastructure_security+financial_performance","14.0","business_change","google_rss_v44_final_artifact_sync_only","CEO_Morning_Briefing"
"2026-08-11","I005","global_incident:ai_security_policy:naver:anthropic_glasswing_security","comp_domestic_strategy","경쟁사_해외이슈","4","","","True","global incident ai security policy naver anthropic glasswing security","global_incident:ai_security_policy:naver:anthropic_glasswing_security","29.0","business_change,general","google_rss_v44_final_artifact_sync_only","CEO_Morning_Briefing"
"2026-08-11","I009","comp_domestic_ai_platform:네이버웹툰 ip 게임으로 만든다 웹툰엔터 1억달러 전략 투자","comp_domestic_ai_platform","경쟁사_해외이슈","4","","","True","comp domestic ai platform 네이버웹툰 ip 게임으로 만든다 웹툰엔터 1억달러 전략 투자","event:네이버:ai_infrastructure_security+policy_legislation","24.0","business_change","google_rss_v44_final_artifact_sync_only","CEO_Morning_Briefing"
"2026-08-11","I013","comp_domestic_strategy:lgu+ isec 2026 서 통합 보안 포트폴리오 공개","comp_domestic_strategy","경쟁사_해외이슈","4","","","True","comp domestic strategy lgu isec 2026 서 통합 보안 포트폴리오 공개","event:LGU+:phishing_security+privacy_security_reliability","24.0","direct_risk","google_rss_v44_final_artifact_sync_only","CEO_Morning_Briefing"
"2026-08-11","I015","comp_domestic_strategy:lgu+ isec 2026서 기업용 통합 보안 포트폴리오 공개","comp_domestic_strategy","경쟁사_해외이슈","4","","","True","comp domestic strategy lgu isec 2026서 기업용 통합 보안 포트폴리오 공개","event:LGU+:phishing_security+privacy_security_reliability","24.0","direct_risk","google_rss_v44_final_artifact_sync_only","CEO_Morning_Briefing"
"2026-08-11","I017","global_incident:platform_regulation:coupang:platform_algorithm_ad_obligation","comp_domestic_direct_risk","정부_국회","5","","","True","global incident platform regulation coupang platform algorithm ad obligation","global_incident:platform_regulation:coupang:platform_algorithm_ad_obligation","29.0","official_action","google_rss_v44_final_artifact_sync_only","CEO_Morning_Briefing"
"2026-08-11","I027","self_filler_reference:ai 팩토리 에 미래 건 네이버 카톡 에 올인 카카오","self_filler_reference","자사_및_계열사_이슈","4","","","True","self filler reference ai 팩토리 에 미래 건 네이버 카톡 에 올인 카카오","event:네이버+카카오:ai_infrastructure_security","14.0","business_change","google_rss_v44_final_artifact_sync_only","CEO_Morning_Briefing"
"2026-08-11","I048","global_incident:platform_regulation:platform_sector:platform_operator_obligation","comp_overseas_regulation_data","정부_국회","5","","","True","global incident platform regulation platform sector platform operator obligation","global_incident:platform_regulation:platform_sector:platform_operator_obligation","24.0","business_change,direct_risk,general","google_rss_v44_final_artifact_sync_only","CEO_Morning_Briefing"
"2026-08-11","I050","카카오 노조 임단협/파업 및 내부 갈등","self_labor","자사_및_계열사_이슈","5","","","True","카카오 노조 임단협 파업 및 내부 갈등","global_incident:labor_ir:kakao:strike_negotiation","24.0","direct_risk","google_rss_v44_final_artifact_sync_only","CEO_Morning_Briefing"
"2026-08-11","I065","government_ai_core_policy:과기정통부 ai 로봇 자율실험실 산학연 협력체계 구축","government_ai_core_policy","정부_국회","5","","","True","government ai core policy 과기정통부 ai 로봇 자율실험실 산학연 협력체계 구축","event:과기정통부:ai_infrastructure_security","24.0","business_change","google_rss_v44_final_artifact_sync_only","CEO_Morning_Briefing"
"2026-08-11","I068","global_incident:platform_regulation:fair_trade_authority:platform_regulation","government_ai_core_policy","정부_국회","5","","","True","global incident platform regulation fair trade authority platform regulation","global_incident:platform_regulation:fair_trade_authority:platform_regulation","14.0","direct_risk,general","google_rss_v44_final_artifact_sync_only","CEO_Morning_Briefing"
"2026-08-11","I069","government_ai_core_policy:더벨 나우로보틱스 과기정통부 피지컬 ai 실증사업 선정","government_ai_core_policy","정부_국회","5","","","True","government ai core policy 더벨 나우로보틱스 과기정통부 피지컬 ai 실증사업 선정","event:과기정통부:ai_infrastructure_security","14.0","business_change","google_rss_v44_final_artifact_sync_only","CEO_Morning_Briefing"
"2026-08-12","I001","comp_domestic_ai_platform:엔비디아 손잡은 네이버 초대형 ai 공장 짓고 수출길 연다","comp_domestic_ai_platform","경쟁사_해외이슈","4","","","True","comp domestic ai platform 엔비디아 손잡은 네이버 초대형 ai 공장 짓고 수출길 연다","event:네이버:ai_infrastructure_security","14.0","business_change","google_rss_v44_final_artifact_sync_only","CEO_Morning_Briefing"
"2026-08-12","I002","global_incident:platform_regulation:coupang:platform_algorithm_ad_obligation","comp_domestic_direct_risk","정부_국회","5","","","True","global incident platform regulation coupang platform algorithm ad obligation","global_incident:platform_regulation:coupang:platform_algorithm_ad_obligation","24.0","official_action","google_rss_v44_final_artifact_sync_only","CEO_Morning_Briefing"
"2026-08-12","I003","global_incident:ai_security_policy:naver:anthropic_glasswing_security","comp_domestic_ai_platform","경쟁사_해외이슈","4","","","True","global incident ai security policy naver anthropic glasswing security","global_incident:ai_security_policy:naver:anthropic_glasswing_security","14.0","business_change","google_rss_v44_final_artifact_sync_only","CEO_Morning_Briefing"
"2026-08-12","I005","comp_domestic_ai_platform:lgu+ 코엑스 isec 2026 출격 클라우드 등 기업 보안시장 조준","comp_domestic_ai_platform","경쟁사_해외이슈","4","","","True","comp domestic ai platform lgu 코엑스 isec 2026 출격 클라우드 등 기업 보안시장 조준","event:LGU+:ai_infrastructure_security+phishing_security","14.0","direct_risk","google_rss_v44_final_artifact_sync_only","CEO_Morning_Briefing"
"2026-08-12","I011","comp_domestic_public_infra:네이버클라우드 네이버웍스 ax 기능 3종 공개 공공 협업툴 공략","comp_domestic_public_infra","경쟁사_해외이슈","4","","","True","comp domestic public infra 네이버클라우드 네이버웍스 ax 기능 3종 공개 공공 협업툴 공략","","24.0","general","google_rss_v44_final_artifact_sync_only","CEO_Morning_Briefing"
"2026-08-12","I036","global_incident:platform_regulation:platform_sector:platform_data_protection_obligation","comp_domestic_direct_risk","정부_국회","5","","","True","global incident platform regulation platform sector platform data protection obligation","global_incident:platform_regulation:platform_sector:platform_data_protection_obligation","26.0","direct_risk,official_action","google_rss_v44_final_artifact_sync_only","CEO_Morning_Briefing"
"2026-08-12","I039","self_strategic_reference:정기 공채 관례 깬 네이버 카카오 ai 인재 수시로 뽑는다","self_strategic_reference","자사_및_계열사_이슈","4","","","True","self strategic reference 정기 공채 관례 깬 네이버 카카오 ai 인재 수시로 뽑는다","event:네이버+카카오:ai_infrastructure_security","14.0","business_change","google_rss_v44_final_artifact_sync_only","CEO_Morning_Briefing"
"2026-08-12","I042","self_strategic_reference:인천시 네이버 카카오 티맵 지명정보 정비 반영률 92 로","self_strategic_reference","자사_및_계열사_이슈","4","","","True","self strategic reference 인천시 네이버 카카오 티맵 지명정보 정비 반영률 92 로","","14.0","general","google_rss_v44_final_artifact_sync_only","CEO_Morning_Briefing"
"2026-08-12","I046","global_incident:platform_regulation:google:platform_transaction_user_protection_obligation","government_platform_market_rule","정부_국회","5","","","True","global incident platform regulation google platform transaction user protection obligation","global_incident:platform_regulation:google:platform_transaction_user_protection_obligation","14.0","general","google_rss_v44_final_artifact_sync_only","CEO_Morning_Briefing"
"2026-08-12","I054","가상자산 이전거래/AML 규제 조정","government_regulatory_enforcement","정부_국회","5","","","True","가상자산 이전거래 aml 규제 조정","global_incident:digital_asset_policy:financial_authority:vasp_aml_rulemaking","14.0","general,official_action","google_rss_v44_final_artifact_sync_only","CEO_Morning_Briefing"
"2026-08-12","I056","global_incident:mna_capital:kakao:mna_capital","self_governance_mna","자사_및_계열사_이슈","5","","","True","global incident mna capital kakao mna capital","global_incident:mna_capital:kakao:mna_capital","14.0","direct_risk","google_rss_v44_final_artifact_sync_only","CEO_Morning_Briefing"
"2026-08-12","I060","국가 AI 인프라/AIDC/GPU 정책","comp_domestic_ai_platform","정부_국회","5","","","True","국가 ai 인프라 aidc gpu 정책","event:과기정통부:ai_infrastructure_security+aidc_datacenter","24.0","business_change,direct_risk,general,official_action","google_rss_v44_final_artifact_sync_only","CEO_Morning_Briefing"
"2026-08-12","I070","global_incident:platform_regulation:fair_trade_authority:platform_self_preferencing","government_ai_core_policy","정부_국회","5","","","True","global incident platform regulation fair trade authority platform self preferencing","global_incident:platform_regulation:fair_trade_authority:platform_self_preferencing","14.0","direct_risk","google_rss_v44_final_artifact_sync_only","CEO_Morning_Briefing"
"2026-08-13","I001","국가 AI 인프라/AIDC/GPU 정책","comp_domestic_ai_platform","정부_국회","5","","","True","국가 ai 인프라 aidc gpu 정책","event:금융위:ai_infrastructure_security+aidc_datacenter","24.0","business_change,direct_risk,general,official_action","google_rss_v44_final_artifact_sync_only","CEO_Morning_Briefing"
"2026-08-13","I006","global_incident:ai_security_policy:naver:anthropic_glasswing_security","comp_domestic_strategy","경쟁사_해외이슈","4","","","True","global incident ai security policy naver anthropic glasswing security","global_incident:ai_security_policy:naver:anthropic_glasswing_security","14.0","analysis_feature,direct_risk","google_rss_v44_final_artifact_sync_only","CEO_Morning_Briefing"
"2026-08-13","I010","comp_domestic_public_infra:네이버클라우드 공공 ax 전략 세미나 개최 네이버웍스 신기능 공개","comp_domestic_public_infra","경쟁사_해외이슈","4","","","True","comp domestic public infra 네이버클라우드 공공 ax 전략 세미나 개최 네이버웍스 신기능 공개","event:네이버:policy_legislation","14.0","business_change","google_rss_v44_final_artifact_sync_only","CEO_Morning_Briefing"
"2026-08-13","I011","comp_domestic_public_infra:네이버클라우드 네이버웍스에 ai 기능 3종 추가 공공 ax 시장 공략","comp_domestic_public_infra","경쟁사_해외이슈","4","","","True","comp domestic public infra 네이버클라우드 네이버웍스에 ai 기능 3종 추가 공공 ax 시장 공략","event:네이버:ai_infrastructure_security","14.0","business_change","google_rss_v44_final_artifact_sync_only","CEO_Morning_Briefing"
"2026-08-13","I018","comp_domestic_public_infra:네이버클라우드 공공용 네이버웍스에 ai검색 에이전트 기능 추가","comp_domestic_public_infra","경쟁사_해외이슈","4","","","True","comp domestic public infra 네이버클라우드 공공용 네이버웍스에 ai검색 에이전트 기능 추가","event:네이버:ai_infrastructure_security","24.0","business_change","google_rss_v44_final_artifact_sync_only","CEO_Morning_Briefing"
"2026-08-13","I029","comp_domestic_ai_platform:옥타 okta 의 매출 실적 호조가 자사의 신원 보안 전략에 대한 신뢰를 다시 다질 수 있을까","comp_domestic_ai_platform","경쟁사_해외이슈","4","","","True","comp domestic ai platform 옥타 okta 의 매출 실적 호조가 자사의 신원 보안 전략에 대한 신뢰를 다시 다질 수 있을까","","14.0","direct_risk","google_rss_v44_final_artifact_sync_only","CEO_Morning_Briefing"
"2026-08-13","I033","global_incident:platform_enforcement:google:delivery_platform_fee_mfn","government_platform_regulation","정부_국회","5","","","True","global incident platform enforcement google delivery platform fee mfn","v27:platform_enforcement:google:delivery_platform_fee_mfn","24.0","official_action","google_rss_v44_final_artifact_sync_only","CEO_Morning_Briefing"
"2026-08-13","I042","LGU+ 공공 우선 통신권/재난 대응","comp_domestic_public_infra","경쟁사_해외이슈","4","","","True","lgu 공공 우선 통신권 재난 대응","","14.0","general","google_rss_v44_final_artifact_sync_only","CEO_Morning_Briefing"
"2026-08-13","I047","카카오 노조 임단협/파업 및 내부 갈등","self_labor","자사_및_계열사_이슈","5","","","True","카카오 노조 임단협 파업 및 내부 갈등","global_incident:labor_ir:kakao:strike_negotiation","32.0","direct_risk","google_rss_v44_final_artifact_sync_only","CEO_Morning_Briefing"
"2026-08-13","I092","self_privacy_security:카카오뱅크 퇴근 후 장애 대응 멈춘다 서비스 안정성 우려","self_privacy_security","자사_및_계열사_이슈","5","","","True","self privacy security 카카오뱅크 퇴근 후 장애 대응 멈춘다 서비스 안정성 우려","event:카카오+카카오뱅크:privacy_security_reliability","14.0","direct_risk","google_rss_v44_final_artifact_sync_only","CEO_Morning_Briefing"
"2026-08-13","I094","self_direct_risk:크래프톤 엔씨 날고 카카오게임즈 주춤 2분기 게임사 실적 가른 흥행 ip","self_direct_risk","자사_및_계열사_이슈","5","","","True","self direct risk 크래프톤 엔씨 날고 카카오게임즈 주춤 2분기 게임사 실적 가른 흥행 ip","event:카카오+카카오게임즈:financial_performance","14.0","direct_risk","google_rss_v44_final_artifact_sync_only","CEO_Morning_Briefing"
"2026-08-13","I098","global_incident:platform_regulation:financial_authority:platform_operator_obligation","government_regulatory_enforcement","정부_국회","5","","","True","global incident platform regulation financial authority platform operator obligation","global_incident:platform_regulation:financial_authority:platform_operator_obligation","24.0","general,official_action","google_rss_v44_final_artifact_sync_only","CEO_Morning_Briefing"
"2026-08-13","I118","global_incident:digital_asset_policy:financial_authority:digital_asset_policy","government_regulatory_enforcement","정부_국회","5","","","True","global incident digital asset policy financial authority digital asset policy","global_incident:digital_asset_policy:financial_authority:digital_asset_policy","24.0","general","google_rss_v44_final_artifact_sync_only","CEO_Morning_Briefing"
"2026-08-14","I010","comp_domestic_public_infra:지자체까지 공공 ax 시장 확대 네이버클라우드 fde로 현장 수요 승부수","comp_domestic_public_infra","경쟁사_해외이슈","4","","","True","comp domestic public infra 지자체까지 공공 ax 시장 확대 네이버클라우드 fde로 현장 수요 승부수","","14.0","general","google_rss_v44_final_artifact_sync_only","CEO_Morning_Briefing"
"2026-08-14","I012","self_strategic_reference:글로벌 인프라 네이버 vs 카톡 에이전트 카카오 2조 쏟아부은 엇갈린 베팅 ss포커스","self_strategic_reference","자사_및_계열사_이슈","4","","","True","self strategic reference 글로벌 인프라 네이버 vs 카톡 에이전트 카카오 2조 쏟아부은 엇갈린 베팅 ss포커스","event:네이버+카카오:ai_infrastructure_security","24.0","general","google_rss_v44_final_artifact_sync_only","CEO_Morning_Briefing"
"2026-08-14","I013","comp_domestic_strategy:lgu+ 기업 보안사업 본격 나선다","comp_domestic_strategy","경쟁사_해외이슈","4","","","True","comp domestic strategy lgu 기업 보안사업 본격 나선다","event:LGU+:phishing_security+privacy_security_reliability","24.0","direct_risk","google_rss_v44_final_artifact_sync_only","CEO_Morning_Briefing"
"2026-08-14","I015","comp_domestic_strategy:네이버 밸류업 엔비디아 두나무가 바꾼 계산법 네이버 몸값 다시 쓸까","comp_domestic_strategy","경쟁사_해외이슈","4","","","True","comp domestic strategy 네이버 밸류업 엔비디아 두나무가 바꾼 계산법 네이버 몸값 다시 쓸까","event:네이버+두나무:digital_asset_stablecoin+dunamu_stake","14.0","general","google_rss_v44_final_artifact_sync_only","CEO_Morning_Briefing"
"2026-08-14","I018","global_incident:mna_capital:kt:mna_capital","comp_domestic_ai_platform","경쟁사_해외이슈","4","","","True","global incident mna capital kt mna capital","global_incident:mna_capital:kt:mna_capital","24.0","direct_risk","google_rss_v44_final_artifact_sync_only","CEO_Morning_Briefing"
"2026-08-14","I019","global_incident:platform_regulation:kakao:platform_regulation","self_governance_mna","자사_및_계열사_이슈","5","","","True","global incident platform regulation kakao platform regulation","global_incident:platform_regulation:kakao:platform_regulation","19.0","direct_risk,general","google_rss_v44_final_artifact_sync_only","CEO_Morning_Briefing"
"2026-08-14","I020","global_incident:platform_regulation:kt:platform_regulation","comp_domestic_direct_risk","경쟁사_해외이슈","4","","","True","global incident platform regulation kt platform regulation","global_incident:platform_regulation:kt:platform_regulation","14.0","official_action","google_rss_v44_final_artifact_sync_only","CEO_Morning_Briefing"
"2026-08-14","I024","comp_domestic_public_infra:업무망 분리된 정부부처에도 네이버클라우드 공공 ax 시장 공략","comp_domestic_public_infra","정부_국회","4","","","True","comp domestic public infra 업무망 분리된 정부부처에도 네이버클라우드 공공 ax 시장 공략","","14.0","general","google_rss_v44_final_artifact_sync_only","CEO_Morning_Briefing"
"2026-08-14","I027","global_incident:platform_regulation:platform_sector:platform_regulation","government_appointment_governance","정부_국회","5","","","True","global incident platform regulation platform sector platform regulation","global_incident:platform_regulation:platform_sector:platform_regulation","14.0","general","google_rss_v44_final_artifact_sync_only","CEO_Morning_Briefing"
"2026-08-14","I032","global_incident:platform_enforcement:google:app_market_payment_fee","government_platform_regulation","정부_국회","5","","","True","global incident platform enforcement google app market payment fee","v27:platform_enforcement:google:app_market_payment_fee","14.0","official_action","google_rss_v44_final_artifact_sync_only","CEO_Morning_Briefing"
"2026-08-14","I034","AI 정책 컨트롤타워 인선/공백","government_ai_core_policy","정부_국회","5","","","True","ai 정책 컨트롤타워 인선 공백","","14.0","business_change","google_rss_v44_final_artifact_sync_only","CEO_Morning_Briefing"
"2026-08-14","I063","global_incident:leadership_service:kakao:executive_change","self_direct_risk","자사_및_계열사_이슈","5","","","True","global incident leadership service kakao executive change","global_incident:leadership_service:kakao:executive_change","14.0","direct_risk","google_rss_v44_final_artifact_sync_only","CEO_Morning_Briefing"
"2026-08-14","I078","global_incident:digital_asset_policy:digital_asset_sector:digital_asset_policy","government_digital_finance_policy","정부_국회","4","","","True","global incident digital asset policy digital asset sector digital asset policy","global_incident:digital_asset_policy:digital_asset_sector:digital_asset_policy","24.0","general","google_rss_v44_final_artifact_sync_only","CEO_Morning_Briefing"
"2026-08-17","I001","global_incident:platform_regulation:platform_sector:platform_regulation","government_ai_core_policy","정부_국회","5","","","True","global incident platform regulation platform sector platform regulation","global_incident:platform_regulation:platform_sector:platform_regulation","14.0","business_change,general","google_rss_v44_final_artifact_sync_only","CEO_Morning_Briefing"
"2026-08-17","I010","comp_domestic_finance_commerce:lg유플러스 알닷서 토스모바일 제휴 요금제 확대","comp_domestic_finance_commerce","경쟁사_해외이슈","4","","","True","comp domestic finance commerce lg유플러스 알닷서 토스모바일 제휴 요금제 확대","","24.0","general","google_rss_v44_final_artifact_sync_only","CEO_Morning_Briefing"
"2026-08-17","I012","comp_domestic_finance_commerce:lg유플러스 토스모바일과 페이스페이 알뜰폰 요금제 출시","comp_domestic_finance_commerce","경쟁사_해외이슈","4","","","True","comp domestic finance commerce lg유플러스 토스모바일과 페이스페이 알뜰폰 요금제 출시","","24.0","general","google_rss_v44_final_artifact_sync_only","CEO_Morning_Briefing"
"2026-08-17","I016","국가 AI 인프라/AIDC/GPU 정책","comp_domestic_ai_platform","경쟁사_해외이슈","4","","","True","국가 ai 인프라 aidc gpu 정책","global_incident:platform_regulation:kt:platform_regulation","24.0","business_change,direct_risk,general","google_rss_v44_final_artifact_sync_only","CEO_Morning_Briefing"
"2026-08-17","I017","global_incident:platform_regulation:coupang:coupang_designation_disclosure","comp_domestic_direct_risk","경쟁사_해외이슈","4","","","True","global incident platform regulation coupang coupang designation disclosure","privacy_security:coupang:data_leak","14.0","direct_risk","google_rss_v44_final_artifact_sync_only","CEO_Morning_Briefing"
"2026-08-17","I022","comp_domestic_public_infra:정부 보안 특파모 참여경쟁 시작 lg cns 확정 skt 네이버클라우드 검토","comp_domestic_public_infra","정부_국회","4","","","True","comp domestic public infra 정부 보안 특파모 참여경쟁 시작 lg cns 확정 skt 네이버클라우드 검토","event:SKT+네이버:phishing_security+privacy_security_reliability","0.0","direct_risk","google_rss_v44_final_artifact_sync_only","CEO_Morning_Briefing"
"2026-08-17","I023","comp_domestic_public_infra:ai 큰손 잡아라 정부 수주전에 네이버클라우드 삼성sds 격돌","comp_domestic_public_infra","정부_국회","4","","","True","comp domestic public infra ai 큰손 잡아라 정부 수주전에 네이버클라우드 삼성sds 격돌","event:네이버:ai_infrastructure_security","0.0","business_change","google_rss_v44_final_artifact_sync_only","CEO_Morning_Briefing"
"2026-08-17","I026","AI 정책 컨트롤타워 인선/공백","government_appointment_governance","정부_국회","5","","","True","ai 정책 컨트롤타워 인선 공백","global_incident:digital_asset_policy:digital_asset_sector:digital_asset_policy","14.0","business_change,general","google_rss_v44_final_artifact_sync_only","CEO_Morning_Briefing"
"2026-08-17","I029","government_ai_core_policy:조정식 국회의장과 빌 게이츠 이사장의 회동이 글로벌 보건 ai 협력에 미칠 파급효과는","government_ai_core_policy","정부_국회","5","","","True","government ai core policy 조정식 국회의장과 빌 게이츠 이사장의 회동이 글로벌 보건 ai 협력에 미칠 파급효과는","","0.0","business_change","google_rss_v44_final_artifact_sync_only","CEO_Morning_Briefing"
"2026-08-17","I044","카카오 노조 임단협/파업 및 내부 갈등","self_labor","자사_및_계열사_이슈","5","","","True","카카오 노조 임단협 파업 및 내부 갈등","global_incident:labor_ir:kakao:strike_negotiation","18.0","direct_risk,official_action","google_rss_v44_final_artifact_sync_only","CEO_Morning_Briefing"
"2026-08-17","I045","global_incident:leadership_service:kakao:leadership_service","self_leadership_service","자사_및_계열사_이슈","5","","","True","global incident leadership service kakao leadership service","global_incident:leadership_service:kakao:leadership_service","14.0","analysis_with_direct_risk,direct_risk,official_action","google_rss_v44_final_artifact_sync_only","CEO_Morning_Briefing"
"2026-08-17","I061","global_incident:platform_regulation:fair_trade_authority:platform_regulation","government_ai_core_policy","정부_국회","5","","","True","global incident platform regulation fair trade authority platform regulation","global_incident:platform_regulation:fair_trade_authority:platform_regulation","0.0","direct_risk,official_action","google_rss_v44_final_artifact_sync_only","CEO_Morning_Briefing"
"2026-08-17","I064","comp_domestic_strategy:대한민국 국부펀드가 이번 분기에 처음 담은 종목 비트코인이 아니라 스테이블코인 발행사였음","comp_domestic_strategy","산업동향","4","","","True","comp domestic strategy 대한민국 국부펀드가 이번 분기에 처음 담은 종목 비트코인이 아니라 스테이블코인 발행사였음","event:네이버:digital_asset_stablecoin+stablecoin","0.0","general","google_rss_v44_final_artifact_sync_only","CEO_Morning_Briefing"
"2026-08-17","I067","global_incident:labor_ir:kakao:labor_law_complaint","self_labor","자사_및_계열사_이슈","5","","","True","global incident labor ir kakao labor law complaint","global_incident:labor_ir:kakao:labor_law_complaint","0.0","direct_risk","google_rss_v44_final_artifact_sync_only","CEO_Morning_Briefing"
"2026-08-18","I001","comp_domestic_ai_platform:구글에 뒤쳐진 네이버 ai 팩토리 고도화로 미래 성장동력 정조준","comp_domestic_ai_platform","경쟁사_해외이슈","4","","","True","comp domestic ai platform 구글에 뒤쳐진 네이버 ai 팩토리 고도화로 미래 성장동력 정조준","event:구글+네이버:ai_infrastructure_security","14.0","business_change","google_rss_v44_final_artifact_sync_only","CEO_Morning_Briefing"
"2026-08-18","I003","comp_domestic_ai_platform:ai 반도체로 떠난 투자자 빗썸 거래 위축에 실적 주춤 네이버 블로그","comp_domestic_ai_platform","경쟁사_해외이슈","4","","","True","comp domestic ai platform ai 반도체로 떠난 투자자 빗썸 거래 위축에 실적 주춤 네이버 블로그","event:네이버:ai_infrastructure_security+digital_asset_stablecoin","24.0","direct_risk","google_rss_v44_final_artifact_sync_only","CEO_Morning_Briefing"
"2026-08-18","I018","global_incident:platform_regulation:naver:platform_regulation","comp_domestic_ai_platform","경쟁사_해외이슈","4","","","True","global incident platform regulation naver platform regulation","global_incident:platform_regulation:naver:platform_regulation","24.0","business_change,general","google_rss_v44_final_artifact_sync_only","CEO_Morning_Briefing"
"2026-08-18","I024","국가 AI 인프라/AIDC/GPU 정책","comp_domestic_ai_platform","경쟁사_해외이슈","4","","","True","국가 ai 인프라 aidc gpu 정책","global_incident:platform_regulation:kt:platform_regulation","24.0","business_change,direct_risk,general","google_rss_v44_final_artifact_sync_only","CEO_Morning_Briefing"
"2026-08-18","I033","global_incident:ai_security_policy:openai:openai_security_access","comp_overseas_platform_ai","경쟁사_해외이슈","4","","","True","global incident ai security policy openai openai security access","global_incident:ai_security_policy:openai:openai_security_access","24.0","business_change,direct_risk","google_rss_v44_final_artifact_sync_only","CEO_Morning_Briefing"
"2026-08-18","I036","global_incident:leadership_service:google:executive_change","government_ai_core_policy","정부_국회","4","","","True","global incident leadership service google executive change","global_incident:leadership_service:google:executive_change","24.0","direct_risk","google_rss_v44_final_artifact_sync_only","CEO_Morning_Briefing"
"2026-08-18","I039","global_incident:leadership_service:kakao:leadership_service","self_leadership_service","자사_및_계열사_이슈","5","","","True","global incident leadership service kakao leadership service","global_incident:leadership_service:kakao:leadership_service","42.0","direct_risk","google_rss_v44_final_artifact_sync_only","CEO_Morning_Briefing"
"2026-08-18","I049","global_incident:mna_capital:kakao:mna_capital","self_governance_mna","자사_및_계열사_이슈","5","","","True","global incident mna capital kakao mna capital","global_incident:mna_capital:kakao:mna_capital","24.0","analysis_feature,business_change,direct_risk","google_rss_v44_final_artifact_sync_only","CEO_Morning_Briefing"
"2026-08-18","I063","카카오 노조 임단협/파업 및 내부 갈등","self_labor","자사_및_계열사_이슈","5","","","True","카카오 노조 임단협 파업 및 내부 갈등","global_incident:labor_ir:kakao:strike_negotiation","24.0","analysis_with_direct_risk,direct_risk","google_rss_v44_final_artifact_sync_only","CEO_Morning_Briefing"
"2026-08-18","I078","government_ai_core_policy:트레드링스 중기부 스케일업 팁스 최종 선정 다중 에이전트 로 글로벌 물류 혁신 이끈다","government_ai_core_policy","정부_국회","5","","","True","government ai core policy 트레드링스 중기부 스케일업 팁스 최종 선정 다중 에이전트 로 글로벌 물류 혁신 이끈다","","24.0","general","google_rss_v44_final_artifact_sync_only","CEO_Morning_Briefing"
"2026-08-18","I084","government_ai_core_policy:금감원 은행 대출총량 재조정 착수 8 13 대책 후속 조치 속도","government_ai_core_policy","정부_국회","5","","","True","government ai core policy 금감원 은행 대출총량 재조정 착수 8 13 대책 후속 조치 속도","event:금감원:ai_infrastructure_security+labor_dispute","14.0","general","google_rss_v44_final_artifact_sync_only","CEO_Morning_Briefing"
"2026-08-18","I085","government_ai_core_policy:과학기술정보통신부와 정보통신산업진흥원 nipa 가 서울 삼성동 코엑스에서 독자 ai 파운데이션 모델 프로젝트","government_ai_core_policy","정부_국회","5","","","True","government ai core policy 과학기술정보통신부와 정보통신산업진흥원 nipa 가 서울 삼성동 코엑스에서 독자 ai 파운데이션 모델 프로젝트","event:과기정통부:ai_infrastructure_security","14.0","business_change","google_rss_v44_final_artifact_sync_only","CEO_Morning_Briefing"
"2026-08-18","I138","government_ai_core_policy:금융감독원 이화여자대학교 기후금융 국제 논의 본격화 전환금융 ai 인재 육성 모색","government_ai_core_policy","정부_국회","5","","","True","government ai core policy 금융감독원 이화여자대학교 기후금융 국제 논의 본격화 전환금융 ai 인재 육성 모색","event:금감원:ai_infrastructure_security","14.0","business_change","google_rss_v44_final_artifact_sync_only","CEO_Morning_Briefing"
"2026-08-19","I001","comp_domestic_ai_platform:네이버 모두의 ai 불참 ai 팩토리 등 기존 사업에 역량 집중","comp_domestic_ai_platform","경쟁사_해외이슈","4","","","True","comp domestic ai platform 네이버 모두의 ai 불참 ai 팩토리 등 기존 사업에 역량 집중","event:네이버:ai_infrastructure_security","14.0","business_change","google_rss_v44_final_artifact_sync_only","CEO_Morning_Briefing"
"2026-08-19","I004","국가 AI 인프라/AIDC/GPU 정책","comp_domestic_ai_platform","정부_국회","5","","","True","국가 ai 인프라 aidc gpu 정책","event:SKT+과기정통부:ai_infrastructure_security","24.0","analysis_feature,business_change,direct_risk,general","google_rss_v44_final_artifact_sync_only","CEO_Morning_Briefing"
"2026-08-19","I009","comp_domestic_ai_platform:과기정통부 독자 ai 프로젝트 2차 생존 업스테이지 sk텔레콤 lg ai연구원 발표하며 순위 비공개 평가 방","comp_domestic_ai_platform","정부_국회","5","","","True","comp domestic ai platform 과기정통부 독자 ai 프로젝트 2차 생존 업스테이지 sk텔레콤 lg ai연구원 발표하며 순위 비공개 평가 방","event:SKT+과기정통부:ai_infrastructure_security","14.0","business_change","google_rss_v44_final_artifact_sync_only","CEO_Morning_Briefing"
"2026-08-19","I010","global_incident:platform_regulation:kt:platform_regulation","comp_domestic_direct_risk","경쟁사_해외이슈","4","","","True","global incident platform regulation kt platform regulation","global_incident:platform_regulation:kt:platform_regulation","14.0","official_action","google_rss_v44_final_artifact_sync_only","CEO_Morning_Briefing"
"2026-08-19","I012","comp_domestic_strategy:쿠팡은 한국 역사상 최대 규모의 배상 청구 소송에 직면해 있습니다","comp_domestic_strategy","경쟁사_해외이슈","4","","","True","comp domestic strategy 쿠팡은 한국 역사상 최대 규모의 배상 청구 소송에 직면해 있습니다","","14.0","direct_risk","google_rss_v44_final_artifact_sync_only","CEO_Morning_Briefing"
"2026-08-19","I014","self_strategic_reference:모두의 ai 사업 공모에 이통3사 카카오 등 참여 네이버는 불참","self_strategic_reference","자사_및_계열사_이슈","4","","","True","self strategic reference 모두의 ai 사업 공모에 이통3사 카카오 등 참여 네이버는 불참","event:네이버+카카오:ai_infrastructure_security","14.0","business_change","google_rss_v44_final_artifact_sync_only","CEO_Morning_Briefing"
"2026-08-19","I017","global_incident:platform_regulation:naver:platform_operator_obligation","comp_domestic_direct_risk","정부_국회","4","","","True","global incident platform regulation naver platform operator obligation","global_incident:platform_regulation:naver:platform_operator_obligation","14.0","official_action","google_rss_v44_final_artifact_sync_only","CEO_Morning_Briefing"
"2026-08-19","I018","global_incident:ai_security_policy:openai:openai_security_access","comp_overseas_platform_ai","경쟁사_해외이슈","4","","","True","global incident ai security policy openai openai security access","global_incident:ai_security_policy:openai:openai_security_access","24.0","business_change,direct_risk","google_rss_v44_final_artifact_sync_only","CEO_Morning_Briefing"
"2026-08-19","I019","self_strategic_reference:카카오 lg유플러스 lg ai연구원 등과 컨소시엄으로 모두의 ai 사업 참여","self_strategic_reference","자사_및_계열사_이슈","4","","","True","self strategic reference 카카오 lg유플러스 lg ai연구원 등과 컨소시엄으로 모두의 ai 사업 참여","event:LGU++카카오:ai_infrastructure_security+strategy_mna_governance","24.0","business_change","google_rss_v44_final_artifact_sync_only","CEO_Morning_Briefing"
"2026-08-19","I024","government_ai_core_policy:딥엑스 npu 과기정통부 혁신제품 지정 공공 ai 시장 확대","government_ai_core_policy","정부_국회","5","","","True","government ai core policy 딥엑스 npu 과기정통부 혁신제품 지정 공공 ai 시장 확대","event:과기정통부:ai_infrastructure_security+aidc_datacenter","14.0","business_change","google_rss_v44_final_artifact_sync_only","CEO_Morning_Briefing"
"2026-08-19","I036","self_legal_regulatory:검찰 해체에 달라지는 기업 수사 하이브 카카오 쿠팡 경찰 리스크 부상","self_legal_regulatory","자사_및_계열사_이슈","5","","","True","self legal regulatory 검찰 해체에 달라지는 기업 수사 하이브 카카오 쿠팡 경찰 리스크 부상","event:카카오+쿠팡:legal_regulatory_enforcement","14.0","direct_risk","google_rss_v44_final_artifact_sync_only","CEO_Morning_Briefing"
"2026-08-19","I061","global_incident:digital_asset_policy:digital_asset_sector:stablecoin_policy","government_digital_finance_policy","정부_국회","4","","","True","global incident digital asset policy digital asset sector stablecoin policy","global_incident:digital_asset_policy:digital_asset_sector:stablecoin_policy","14.0","general","google_rss_v44_final_artifact_sync_only","CEO_Morning_Briefing"
"2026-08-19","I085","global_incident:platform_regulation:google:platform_operator_obligation","comp_overseas_platform_ai","정부_국회","4","","","True","global incident platform regulation google platform operator obligation","global_incident:platform_regulation:google:platform_operator_obligation","14.0","business_change,direct_risk,official_action","google_rss_v44_final_artifact_sync_only","CEO_Morning_Briefing"
"2026-08-20","I001","global_incident:ai_security_policy:naver:openai_security_access","comp_domestic_ai_platform","경쟁사_해외이슈","4","","","True","global incident ai security policy naver openai security access","global_incident:ai_security_policy:naver:openai_security_access","24.0","business_change","google_rss_v44_final_artifact_sync_only","CEO_Morning_Briefing"
"2026-08-20","I002","global_incident:platform_regulation:naver:platform_regulation","comp_domestic_direct_risk","경쟁사_해외이슈","4","","","True","global incident platform regulation naver platform regulation","privacy_security:naver:data_leak","24.0","analysis_with_direct_risk,direct_risk,general","google_rss_v44_final_artifact_sync_only","CEO_Morning_Briefing"
"2026-08-20","I003","comp_domestic_ai_platform:하나 네이버 2030년 네오클라우드 매출 12조 확신의 매수 구간","comp_domestic_ai_platform","경쟁사_해외이슈","4","","","True","comp domestic ai platform 하나 네이버 2030년 네오클라우드 매출 12조 확신의 매수 구간","event:네이버:ai_infrastructure_security+financial_performance","24.0","general","google_rss_v44_final_artifact_sync_only","CEO_Morning_Briefing"
"2026-08-20","I004","국가 AI 인프라/AIDC/GPU 정책","comp_domestic_ai_platform","정부_국회","5","","","True","국가 ai 인프라 aidc gpu 정책","event:SKT+과기정통부:ai_infrastructure_security","24.0","analysis_feature,business_change,direct_risk,general,market_commentary","google_rss_v44_final_artifact_sync_only","CEO_Morning_Briefing"
"2026-08-20","I018","global_incident:platform_regulation:coupang:platform_content_moderation_obligation","comp_domestic_direct_risk","경쟁사_해외이슈","4","","","True","global incident platform regulation coupang platform content moderation obligation","global_incident:platform_regulation:coupang:platform_content_moderation_obligation","24.0","official_action","google_rss_v44_final_artifact_sync_only","CEO_Morning_Briefing"
"2026-08-20","I019","카카오 노조 임단협/파업 및 내부 갈등","self_labor","자사_및_계열사_이슈","5","","","True","카카오 노조 임단협 파업 및 내부 갈등","global_incident:labor_ir:kakao:strike_negotiation","24.0","direct_risk","google_rss_v44_final_artifact_sync_only","CEO_Morning_Briefing"
"2026-08-20","I026","self_strategic_reference:카카오 모두의 ai 참여 lg유플러스 등 14개사 컨소시엄 구성","self_strategic_reference","자사_및_계열사_이슈","4","","","True","self strategic reference 카카오 모두의 ai 참여 lg유플러스 등 14개사 컨소시엄 구성","event:LGU++카카오:ai_infrastructure_security+strategy_mna_governance","14.0","business_change","google_rss_v44_final_artifact_sync_only","CEO_Morning_Briefing"
"2026-08-20","I028","self_strategic_reference:카카오 lg유플러스 등과 컨소시엄 모두의 ai 사업 참여","self_strategic_reference","자사_및_계열사_이슈","4","","","True","self strategic reference 카카오 lg유플러스 등과 컨소시엄 모두의 ai 사업 참여","event:LGU++카카오:ai_infrastructure_security+strategy_mna_governance","14.0","business_change","google_rss_v44_final_artifact_sync_only","CEO_Morning_Briefing"
"2026-08-20","I062","government_ai_core_policy:딥엑스 npu 과기부 혁신제품 지정 국방 공공 ai 시장 확대","government_ai_core_policy","정부_국회","4","","","True","government ai core policy 딥엑스 npu 과기부 혁신제품 지정 국방 공공 ai 시장 확대","event:과기정통부:ai_infrastructure_security+aidc_datacenter","14.0","business_change","google_rss_v44_final_artifact_sync_only","CEO_Morning_Briefing"
"2026-08-20","I071","government_ai_core_policy:과학기술정보통신부 모두의 ai 프로젝트 참여 사업자 공모 접수 결과","government_ai_core_policy","정부_국회","5","","","True","government ai core policy 과학기술정보통신부 모두의 ai 프로젝트 참여 사업자 공모 접수 결과","event:과기정통부:ai_infrastructure_security","14.0","business_change","google_rss_v44_final_artifact_sync_only","CEO_Morning_Briefing"
"2026-08-20","I072","government_ai_core_policy:ai 우주 smr 속도전 전략기술 뒤로 하고 과방위 또 파행","government_ai_core_policy","정부_국회","5","","","True","government ai core policy ai 우주 smr 속도전 전략기술 뒤로 하고 과방위 또 파행","","14.0","business_change","google_rss_v44_final_artifact_sync_only","CEO_Morning_Briefing"
"2026-08-20","I081","government_ai_core_policy:중기부 ai 디지털 전환 지원할 중소 서비스기업 175곳 선정","government_ai_core_policy","정부_국회","5","","","True","government ai core policy 중기부 ai 디지털 전환 지원할 중소 서비스기업 175곳 선정","","24.0","business_change","google_rss_v44_final_artifact_sync_only","CEO_Morning_Briefing"
"2026-08-20","I084","global_incident:platform_regulation:financial_authority:platform_data_protection_obligation","government_regulatory_enforcement","정부_국회","5","","","True","global incident platform regulation financial authority platform data protection obligation","global_incident:platform_regulation:financial_authority:platform_data_protection_obligation","14.0","direct_risk","google_rss_v44_final_artifact_sync_only","CEO_Morning_Briefing"
"2026-08-20","I123","industry_structural_change:에스에스알 바다 사업부 인수 cce 시장 점유율 70 굳힌다","industry_structural_change","산업동향","3","","","True","industry structural change 에스에스알 바다 사업부 인수 cce 시장 점유율 70 굳힌다","","14.0","direct_risk","google_rss_v44_final_artifact_sync_only","CEO_Morning_Briefing"
"2026-08-21","I001","comp_domestic_ai_platform:엔비디아의 아시아 전진기지 된 네이버 gw급 ai 팩토리 짓는다","comp_domestic_ai_platform","경쟁사_해외이슈","4","","","True","comp domestic ai platform 엔비디아의 아시아 전진기지 된 네이버 gw급 ai 팩토리 짓는다","event:네이버:ai_infrastructure_security","14.0","business_change","google_rss_v44_final_artifact_sync_only","CEO_Morning_Briefing"
"2026-08-21","I003","comp_domestic_ai_platform:2030년 매출 12조 네이버 ai 팩토리 사업 본격화","comp_domestic_ai_platform","경쟁사_해외이슈","4","","","True","comp domestic ai platform 2030년 매출 12조 네이버 ai 팩토리 사업 본격화","event:네이버:ai_infrastructure_security+financial_performance","14.0","business_change","google_rss_v44_final_artifact_sync_only","CEO_Morning_Briefing"
"2026-08-21","I007","comp_domestic_finance_commerce:네이버 쇼핑 가구매 정말 안전할까 연매출 200억 광고사 지사장이 말하는 현실","comp_domestic_finance_commerce","경쟁사_해외이슈","4","","","True","comp domestic finance commerce 네이버 쇼핑 가구매 정말 안전할까 연매출 200억 광고사 지사장이 말하는 현실","event:네이버:financial_performance","14.0","general","google_rss_v44_final_artifact_sync_only","CEO_Morning_Briefing"
"2026-08-21","I012","comp_domestic_strategy:하나 skt 투자 받은 비트고 코인 수탁시장 전격진출","comp_domestic_strategy","경쟁사_해외이슈","4","","","True","comp domestic strategy 하나 skt 투자 받은 비트고 코인 수탁시장 전격진출","event:SKT:digital_asset_stablecoin","14.0","general","google_rss_v44_final_artifact_sync_only","CEO_Morning_Briefing"
"2026-08-21","I018","global_incident:platform_regulation:kt:platform_data_protection_obligation","comp_domestic_direct_risk","정부_국회","4","","","True","global incident platform regulation kt platform data protection obligation","privacy_security:kt:data_leak","24.0","official_action","google_rss_v44_final_artifact_sync_only","CEO_Morning_Briefing"
"2026-08-21","I024","국가 AI 인프라/AIDC/GPU 정책","comp_domestic_ai_platform","정부_국회","5","","","True","국가 ai 인프라 aidc gpu 정책","event:KT:ai_infrastructure_security+aidc_datacenter","24.0","analysis_feature,business_change,direct_risk,general,market_commentary","google_rss_v44_final_artifact_sync_only","CEO_Morning_Briefing"
"2026-08-21","I027","comp_domestic_direct_risk:lg유플러스도 저격 서울ymca 위약금 면제 등 강력 제재 추가 필요","comp_domestic_direct_risk","경쟁사_해외이슈","4","","","True","comp domestic direct risk lg유플러스도 저격 서울ymca 위약금 면제 등 강력 제재 추가 필요","event:LGU+:legal_regulatory_enforcement","14.0","official_action","google_rss_v44_final_artifact_sync_only","CEO_Morning_Briefing"
"2026-08-21","I029","global_incident:platform_regulation:naver:platform_regulation","comp_domestic_strategy","정부_국회","4","","","True","global incident platform regulation naver platform regulation","global_incident:platform_regulation:naver:platform_regulation","24.0","business_change,direct_risk,general","google_rss_v44_final_artifact_sync_only","CEO_Morning_Briefing"
"2026-08-21","I033","government_ai_core_policy:엔비디아 의존 벗어나자 정부 amd와 국산 npu 실증 약속","government_ai_core_policy","정부_국회","5","","","True","government ai core policy 엔비디아 의존 벗어나자 정부 amd와 국산 npu 실증 약속","","14.0","general","google_rss_v44_final_artifact_sync_only","CEO_Morning_Briefing"
"2026-08-21","I035","government_ai_core_policy:과기정통부 amd와 손잡고 국산 npu 글로벌 진출 지원 개방형 ai 컴퓨팅 생태계 구축","government_ai_core_policy","정부_국회","5","","","True","government ai core policy 과기정통부 amd와 손잡고 국산 npu 글로벌 진출 지원 개방형 ai 컴퓨팅 생태계 구축","event:과기정통부:ai_infrastructure_security+aidc_datacenter","14.0","business_change","google_rss_v44_final_artifact_sync_only","CEO_Morning_Briefing"
"2026-08-21","I063","카카오 노조 임단협/파업 및 내부 갈등","self_labor","자사_및_계열사_이슈","5","","","True","카카오 노조 임단협 파업 및 내부 갈등","global_incident:labor_ir:kakao:strike_negotiation","24.0","direct_risk","google_rss_v44_final_artifact_sync_only","CEO_Morning_Briefing"
"2026-08-21","I066","global_incident:mna_capital:kakao:mna_capital","self_strategic_reference","자사_및_계열사_이슈","5","","","True","global incident mna capital kakao mna capital","global_incident:mna_capital:kakao:mna_capital","14.0","analysis_with_direct_risk,direct_risk","google_rss_v44_final_artifact_sync_only","CEO_Morning_Briefing"
"2026-08-21","I068","global_incident:leadership_service:kakao:executive_change","self_leadership_service","자사_및_계열사_이슈","5","","","True","global incident leadership service kakao executive change","global_incident:leadership_service:kakao:executive_change","19.0","direct_risk","google_rss_v44_final_artifact_sync_only","CEO_Morning_Briefing"
"2026-08-24","I002","국가 AI 인프라/AIDC/GPU 정책","comp_domestic_ai_platform","경쟁사_해외이슈","4","","","True","국가 ai 인프라 aidc gpu 정책","event:KT:ai_infrastructure_security+aidc_datacenter","24.0","analysis_with_direct_risk,business_change,direct_risk,general","google_rss_v44_final_artifact_sync_only","CEO_Morning_Briefing"
"2026-08-24","I003","self_strategic_reference:엔비디아 서버값 인상 변수 네이버 카카오 ai 투자 셈법 복잡해지나","self_strategic_reference","자사_및_계열사_이슈","4","","","True","self strategic reference 엔비디아 서버값 인상 변수 네이버 카카오 ai 투자 셈법 복잡해지나","event:네이버+카카오:ai_infrastructure_security","14.0","business_change","google_rss_v44_final_artifact_sync_only","CEO_Morning_Briefing"
"2026-08-24","I006","comp_domestic_ai_platform:네이버 크리에이터 수익모델 여행으로 확대 여행 커넥트 출시","comp_domestic_ai_platform","경쟁사_해외이슈","4","","","True","comp domestic ai platform 네이버 크리에이터 수익모델 여행으로 확대 여행 커넥트 출시","event:네이버:ai_infrastructure_security","24.0","general","google_rss_v44_final_artifact_sync_only","CEO_Morning_Briefing"
"2026-08-24","I012","comp_domestic_strategy:lgu+ 해커원과 글로벌 버그바운티 운영 전 서비스 보안 취약점 점검","comp_domestic_strategy","경쟁사_해외이슈","4","","","True","comp domestic strategy lgu 해커원과 글로벌 버그바운티 운영 전 서비스 보안 취약점 점검","event:LGU+:phishing_security+privacy_security_reliability","24.0","official_action","google_rss_v44_final_artifact_sync_only","CEO_Morning_Briefing"
"2026-08-24","I027","global_incident:platform_regulation:google:platform_content_moderation_obligation","comp_domestic_ai_platform","경쟁사_해외이슈","4","","","True","global incident platform regulation google platform content moderation obligation","global_incident:platform_regulation:google:platform_content_moderation_obligation","14.0","business_change","google_rss_v44_final_artifact_sync_only","CEO_Morning_Briefing"
"2026-08-24","I031","global_incident:leadership_service:kt:leadership_service","comp_domestic_strategy","경쟁사_해외이슈","4","","","True","global incident leadership service kt leadership service","global_incident:leadership_service:kt:leadership_service","24.0","direct_risk","google_rss_v44_final_artifact_sync_only","CEO_Morning_Briefing"
"2026-08-24","I037","comp_domestic_direct_risk:쿠팡 택배기사 첫 정부 실태조사 입수 77 3회전 배송 kbs 2025 01 20 virat kohli hd","comp_domestic_direct_risk","정부_국회","4","","","True","comp domestic direct risk 쿠팡 택배기사 첫 정부 실태조사 입수 77 3회전 배송 kbs 2025 01 20 virat kohli hd","","19.0","official_action","google_rss_v44_final_artifact_sync_only","CEO_Morning_Briefing"
"2026-08-24","I038","AI 정책 컨트롤타워 인선/공백","self_strategic_reference","자사_및_계열사_이슈","5","","","True","ai 정책 컨트롤타워 인선 공백","global_incident:mna_capital:kakao:mna_capital","0.0","business_change,direct_risk","google_rss_v44_final_artifact_sync_only","CEO_Morning_Briefing"
"2026-08-24","I041","global_incident:digital_asset_policy:digital_asset_sector:digital_asset_policy","government_digital_finance_policy","정부_국회","5","","","True","global incident digital asset policy digital asset sector digital asset policy","global_incident:digital_asset_policy:digital_asset_sector:digital_asset_policy","0.0","general","google_rss_v44_final_artifact_sync_only","CEO_Morning_Briefing"
"2026-08-24","I063","global_incident:mna_capital:kakao:mna_capital","self_governance_mna","자사_및_계열사_이슈","5","","","True","global incident mna capital kakao mna capital","global_incident:mna_capital:kakao:mna_capital","24.0","direct_risk","google_rss_v44_final_artifact_sync_only","CEO_Morning_Briefing"
"2026-08-24","I069","global_incident:platform_regulation:platform_sector:platform_regulation","government_ai_core_policy","정부_국회","5","","","True","global incident platform regulation platform sector platform regulation","global_incident:platform_regulation:platform_sector:platform_regulation","29.0","business_change,direct_risk,general,official_action","google_rss_v44_final_artifact_sync_only","CEO_Morning_Briefing"
"2026-08-24","I089","global_incident:platform_regulation:fair_trade_authority:platform_regulation","government_ai_core_policy","정부_국회","5","","","True","global incident platform regulation fair trade authority platform regulation","global_incident:platform_regulation:fair_trade_authority:platform_regulation","14.0","official_action","google_rss_v44_final_artifact_sync_only","CEO_Morning_Briefing"
"2026-08-24","I099","government_ai_core_policy:보험사기 전력자 보험모집시장 진입 막는다 보험업법 개정안 국회 통과","government_ai_core_policy","정부_국회","5","","","True","government ai core policy 보험사기 전력자 보험모집시장 진입 막는다 보험업법 개정안 국회 통과","","0.0","general","google_rss_v44_final_artifact_sync_only","CEO_Morning_Briefing"
"2026-08-25","I001","국가 AI 인프라/AIDC/GPU 정책","comp_domestic_ai_platform","경쟁사_해외이슈","4","","","True","국가 ai 인프라 aidc gpu 정책","event:KT+SKT:ai_infrastructure_security+policy_legislation","29.0","business_change,direct_risk,general","google_rss_v44_final_artifact_sync_only","CEO_Morning_Briefing"
"2026-08-25","I002","global_incident:ai_security_policy:naver:anthropic_glasswing_security","comp_domestic_strategy","경쟁사_해외이슈","4","","","True","global incident ai security policy naver anthropic glasswing security","global_incident:ai_security_policy:naver:anthropic_glasswing_security","14.0","direct_risk,general","google_rss_v44_final_artifact_sync_only","CEO_Morning_Briefing"
"2026-08-25","I004","comp_domestic_ai_platform:lgu+는 글로벌 보안 skt는 ai 인재 통신업계 미래 기술 체질 개선","comp_domestic_ai_platform","경쟁사_해외이슈","4","","","True","comp domestic ai platform lgu 는 글로벌 보안 skt는 ai 인재 통신업계 미래 기술 체질 개선","event:LGU++SKT:ai_infrastructure_security+phishing_security","14.0","direct_risk","google_rss_v44_final_artifact_sync_only","CEO_Morning_Briefing"
"2026-08-25","I012","comp_domestic_strategy:lgu+ 글로벌 화이트해커와 보안 취약점 찾는다","comp_domestic_strategy","경쟁사_해외이슈","4","","","True","comp domestic strategy lgu 글로벌 화이트해커와 보안 취약점 찾는다","event:LGU+:phishing_security+privacy_security_reliability","14.0","direct_risk","google_rss_v44_final_artifact_sync_only","CEO_Morning_Briefing"
"2026-08-25","I016","comp_domestic_strategy:lgu+ 글로벌 화이트해커 맞손 보안 취약점 검증 고도화","comp_domestic_strategy","경쟁사_해외이슈","4","","","True","comp domestic strategy lgu 글로벌 화이트해커 맞손 보안 취약점 검증 고도화","event:LGU+:phishing_security+privacy_security_reliability","14.0","direct_risk","google_rss_v44_final_artifact_sync_only","CEO_Morning_Briefing"
"2026-08-25","I055","global_incident:platform_regulation:platform_sector:platform_data_protection_obligation","comp_overseas_regulation_data","정부_국회","5","","","True","global incident platform regulation platform sector platform data protection obligation","global_incident:platform_regulation:platform_sector:platform_data_protection_obligation","14.0","direct_risk,official_action","google_rss_v44_final_artifact_sync_only","CEO_Morning_Briefing"
"2026-08-25","I096","카카오게임즈 최대주주 변경 및 공동대표 체제","self_strategic_reference","자사_및_계열사_이슈","5","","","True","카카오게임즈 최대주주 변경 및 공동대표 체제","global_incident:leadership_service:kakao:leadership_service","24.0","direct_risk,general","google_rss_v44_final_artifact_sync_only","CEO_Morning_Briefing"
"2026-08-25","I097","AI 정책 컨트롤타워 인선/공백","government_ai_core_policy","정부_국회","5","","","True","ai 정책 컨트롤타워 인선 공백","event:LGU+:ai_infrastructure_security+leadership_change","24.0","business_change,direct_risk,official_action","google_rss_v44_final_artifact_sync_only","CEO_Morning_Briefing"
"2026-08-25","I100","self_privacy_security:카톡 먹통이면 난리인데 시각장애인엔 사흘간 조용한 재난","self_privacy_security","자사_및_계열사_이슈","5","","","True","self privacy security 카톡 먹통이면 난리인데 시각장애인엔 사흘간 조용한 재난","event:카카오+카카오서비스:privacy_security_reliability","14.0","direct_risk","google_rss_v44_final_artifact_sync_only","CEO_Morning_Briefing"
"2026-08-25","I105","global_incident:mna_capital:kakao:mna_capital","self_filler_reference","자사_및_계열사_이슈","5","","","True","global incident mna capital kakao mna capital","global_incident:mna_capital:kakao:mna_capital","24.0","analysis_with_direct_risk,direct_risk,general","google_rss_v44_final_artifact_sync_only","CEO_Morning_Briefing"
"2026-08-25","I106","government_ai_core_policy:메가존클라우드 핑거 금융 ax 협력 300억 상호 투자","government_ai_core_policy","정부_국회","4","","","True","government ai core policy 메가존클라우드 핑거 금융 ax 협력 300억 상호 투자","","14.0","general","google_rss_v44_final_artifact_sync_only","CEO_Morning_Briefing"
"2026-08-25","I135","global_incident:digital_asset_policy:financial_authority:digital_asset_policy","government_regulatory_enforcement","정부_국회","5","","","True","global incident digital asset policy financial authority digital asset policy","global_incident:digital_asset_policy:financial_authority:digital_asset_policy","14.0","general","google_rss_v44_final_artifact_sync_only","CEO_Morning_Briefing"
"2026-08-25","I202","global_incident:platform_regulation:platform_sector:platform_regulation","government_ai_core_policy","정부_국회","5","","","True","global incident platform regulation platform sector platform regulation","global_incident:platform_regulation:platform_sector:platform_regulation","29.0","business_change,direct_risk,general","google_rss_v44_final_artifact_sync_only","CEO_Morning_Briefing"
"2026-08-26","I001","국가 AI 인프라/AIDC/GPU 정책","comp_domestic_ai_platform","자사_및_계열사_이슈","5","","","True","국가 ai 인프라 aidc gpu 정책","global_incident:leadership_service:kakao:leadership_service","24.0","business_change,direct_risk,general,official_action","google_rss_v44_final_artifact_sync_only","CEO_Morning_Briefing"
"2026-08-26","I002","comp_domestic_ai_platform:실적 후 네이버 ai 투자에 영업익 주춤 ai 팩토리가 재평가 열쇠 by 인포스탁데일리","comp_domestic_ai_platform","경쟁사_해외이슈","4","","","True","comp domestic ai platform 실적 후 네이버 ai 투자에 영업익 주춤 ai 팩토리가 재평가 열쇠 by 인포스탁데일리","event:네이버:ai_infrastructure_security+financial_performance","14.0","direct_risk","google_rss_v44_final_artifact_sync_only","CEO_Morning_Briefing"
"2026-08-26","I003","comp_domestic_ai_platform:lg cns 삼송 데이터센터에 액체냉각 도입 네이버클라우드 협력","comp_domestic_ai_platform","경쟁사_해외이슈","4","","","True","comp domestic ai platform lg cns 삼송 데이터센터에 액체냉각 도입 네이버클라우드 협력","event:네이버:ai_infrastructure_security","24.0","general","google_rss_v44_final_artifact_sync_only","CEO_Morning_Briefing"
"2026-08-26","I007","comp_domestic_ai_platform:네이버 최대 15 적립 네이버 현대카드 에디션3 출시","comp_domestic_ai_platform","경쟁사_해외이슈","4","","","True","comp domestic ai platform 네이버 최대 15 적립 네이버 현대카드 에디션3 출시","event:네이버:ai_infrastructure_security","24.0","general","google_rss_v44_final_artifact_sync_only","CEO_Morning_Briefing"
"2026-08-26","I029","global_incident:platform_regulation:coupang:platform_operator_obligation","comp_domestic_direct_risk","정부_국회","5","","","True","global incident platform regulation coupang platform operator obligation","global_incident:platform_regulation:coupang:platform_operator_obligation","29.0","official_action","google_rss_v44_final_artifact_sync_only","CEO_Morning_Briefing"
"2026-08-26","I030","global_incident:leadership_service:kakao:leadership_service","self_strategic_reference","자사_및_계열사_이슈","5","","","True","global incident leadership service kakao leadership service","global_incident:leadership_service:kakao:leadership_service","14.0","direct_risk,general","google_rss_v44_final_artifact_sync_only","CEO_Morning_Briefing"
"2026-08-26","I031","self_direct_risk:카카오게임즈 책임경영 자본구조 개선 속 글로벌 신작으로 실적 반등 시동","self_direct_risk","자사_및_계열사_이슈","5","","","True","self direct risk 카카오게임즈 책임경영 자본구조 개선 속 글로벌 신작으로 실적 반등 시동","event:카카오+카카오게임즈:financial_performance","14.0","direct_risk","google_rss_v44_final_artifact_sync_only","CEO_Morning_Briefing"
"2026-08-26","I033","government_ai_core_policy:과기정통부 에이전틱 ai 글로벌 표준 선점을 위해 에이전트형 인공지능 재단 aaif 과의 협력 추진","government_ai_core_policy","정부_국회","5","","","True","government ai core policy 과기정통부 에이전틱 ai 글로벌 표준 선점을 위해 에이전트형 인공지능 재단 aaif 과의 협력 추진","event:과기정통부:ai_infrastructure_security","14.0","business_change","google_rss_v44_final_artifact_sync_only","CEO_Morning_Briefing"
"2026-08-26","I035","government_ai_core_policy:정부 차세대 ai 글로벌 표준 선점 위해 aaif와 협력","government_ai_core_policy","정부_국회","5","","","True","government ai core policy 정부 차세대 ai 글로벌 표준 선점 위해 aaif와 협력","","14.0","business_change","google_rss_v44_final_artifact_sync_only","CEO_Morning_Briefing"
"2026-08-26","I042","global_incident:ai_security_policy:openai:openai_security_access","comp_overseas_platform_ai","경쟁사_해외이슈","4","","","True","global incident ai security policy openai openai security access","global_incident:ai_security_policy:openai:openai_security_access","24.0","analysis_feature,business_change,direct_risk,official_action","google_rss_v44_final_artifact_sync_only","CEO_Morning_Briefing"
"2026-08-26","I043","global_incident:ai_security_policy:openai:anthropic_glasswing_security","comp_overseas_platform_ai","경쟁사_해외이슈","4","","","True","global incident ai security policy openai anthropic glasswing security","global_incident:ai_security_policy:openai:anthropic_glasswing_security","24.0","business_change,direct_risk","google_rss_v44_final_artifact_sync_only","CEO_Morning_Briefing"
"2026-08-26","I080","global_incident:platform_regulation:coupang:coupang_designation_disclosure","comp_domestic_direct_risk","정부_국회","5","","","True","global incident platform regulation coupang coupang designation disclosure","global_incident:platform_regulation:coupang:coupang_designation_disclosure","24.0","direct_risk,official_action","google_rss_v44_final_artifact_sync_only","CEO_Morning_Briefing"
"2026-08-26","I087","global_incident:financial_regulation:coupang:lime_fund","comp_domestic_direct_risk","정부_국회","4","","","True","global incident financial regulation coupang lime fund","global_incident:financial_regulation:coupang:lime_fund","24.0","official_action","google_rss_v44_final_artifact_sync_only","CEO_Morning_Briefing"
"2026-08-27","I002","comp_domestic_ai_platform:lg cns 네이버와 손잡고 차세대 냉각기술 인프라 구축 삼송 데이터센터에 도입","comp_domestic_ai_platform","경쟁사_해외이슈","4","","","True","comp domestic ai platform lg cns 네이버와 손잡고 차세대 냉각기술 인프라 구축 삼송 데이터센터에 도입","event:네이버:ai_infrastructure_security","14.0","general","google_rss_v44_final_artifact_sync_only","CEO_Morning_Briefing"
"2026-08-27","I009","global_incident:ai_security_policy:naver:anthropic_glasswing_security","comp_domestic_finance_commerce","정부_국회","4","","","True","global incident ai security policy naver anthropic glasswing security","global_incident:ai_security_policy:naver:anthropic_glasswing_security","14.0","direct_risk","google_rss_v44_final_artifact_sync_only","CEO_Morning_Briefing"
"2026-08-27","I011","comp_domestic_ai_platform:네이버 ai탭 출시 총정리 구글 ai 모드와 다른 점은","comp_domestic_ai_platform","경쟁사_해외이슈","4","","","True","comp domestic ai platform 네이버 ai탭 출시 총정리 구글 ai 모드와 다른 점은","event:구글+네이버:ai_infrastructure_security","14.0","business_change","google_rss_v44_final_artifact_sync_only","CEO_Morning_Briefing"
"2026-08-27","I015","comp_domestic_ai_platform:skt는 보안 kt는 생활 lgu+는 고객경험 통신 3사 ai 전략 각양각색","comp_domestic_ai_platform","경쟁사_해외이슈","4","","","True","comp domestic ai platform skt는 보안 kt는 생활 lgu 는 고객경험 통신 3사 ai 전략 각양각색","event:LGU++SKT:ai_infrastructure_security+phishing_security","24.0","direct_risk","google_rss_v44_final_artifact_sync_only","CEO_Morning_Briefing"
"2026-08-27","I030","global_incident:ai_security_policy:naver:ai_security_policy","comp_domestic_ai_platform","정부_국회","4","","","True","global incident ai security policy naver ai security policy","global_incident:ai_security_policy:naver:ai_security_policy","24.0","direct_risk","google_rss_v44_final_artifact_sync_only","CEO_Morning_Briefing"
"2026-08-27","I035","comp_domestic_strategy:kt 협력 중소벤처와 테크소스 글로벌 서밋 2026 참가","comp_domestic_strategy","경쟁사_해외이슈","4","","","True","comp domestic strategy kt 협력 중소벤처와 테크소스 글로벌 서밋 2026 참가","","24.0","general","google_rss_v44_final_artifact_sync_only","CEO_Morning_Briefing"
"2026-08-27","I053","global_incident:platform_regulation:platform_sector:platform_data_protection_obligation","government_platform_regulation","정부_국회","5","","","True","global incident platform regulation platform sector platform data protection obligation","global_incident:platform_regulation:platform_sector:platform_data_protection_obligation","24.0","business_change,official_action","google_rss_v44_final_artifact_sync_only","CEO_Morning_Briefing"
"2026-08-27","I059","government_ai_core_policy:정부 통신3사 ai 통신망 투자 맞손 연내 종합 대책","government_ai_core_policy","정부_국회","5","","","True","government ai core policy 정부 통신3사 ai 통신망 투자 맞손 연내 대책","","29.0","business_change","google_rss_v44_final_artifact_sync_only","CEO_Morning_Briefing"
"2026-08-27","I063","global_incident:leadership_service:kakao:executive_change","self_strategic_reference","자사_및_계열사_이슈","4","","","True","global incident leadership service kakao executive change","global_incident:leadership_service:kakao:executive_change","24.0","general","google_rss_v44_final_artifact_sync_only","CEO_Morning_Briefing"
"2026-08-27","I064","global_incident:ai_security_policy:openai:openai_security_access","comp_overseas_regulation_data","경쟁사_해외이슈","4","","","True","global incident ai security policy openai openai security access","global_incident:ai_security_policy:openai:openai_security_access","14.0","direct_risk","google_rss_v44_final_artifact_sync_only","CEO_Morning_Briefing"
"2026-08-27","I079","카카오 노조 임단협/파업 및 내부 갈등","self_labor","자사_및_계열사_이슈","5","","","True","카카오 노조 임단협 파업 및 내부 갈등","global_incident:labor_ir:kakao:strike_negotiation","24.0","analysis_with_direct_risk,direct_risk","google_rss_v44_final_artifact_sync_only","CEO_Morning_Briefing"
"2026-08-27","I081","global_incident:platform_regulation:kakao:platform_regulation","self_privacy_security","자사_및_계열사_이슈","5","","","True","global incident platform regulation kakao platform regulation","privacy_security:kakao:phishing_or_account_takeover","24.0","direct_risk","google_rss_v44_final_artifact_sync_only","CEO_Morning_Briefing"
"2026-08-27","I100","global_incident:mna_capital:digital_asset_sector:mna_capital","government_digital_finance_policy","정부_국회","4","","","True","global incident mna capital digital asset sector mna capital","global_incident:leadership_service:digital_asset_sector:leadership_service","19.0","direct_risk","google_rss_v44_final_artifact_sync_only","CEO_Morning_Briefing"
"2026-08-28","I002","comp_domestic_ai_platform:ai 허위광고 막는다 식약처 네이버 쿠팡 등과 공동 대응","comp_domestic_ai_platform","경쟁사_해외이슈","4","","","True","comp domestic ai platform ai 허위광고 막는다 식약처 네이버 쿠팡 등과 공동 대응","event:네이버+쿠팡:ai_infrastructure_security","14.0","business_change","google_rss_v44_final_artifact_sync_only","CEO_Morning_Briefing"
"2026-08-28","I003","global_incident:ai_security_policy:naver:openai_security_access","comp_domestic_ai_platform","경쟁사_해외이슈","4","","","True","global incident ai security policy naver openai security access","global_incident:ai_security_policy:naver:openai_security_access","14.0","business_change,direct_risk","google_rss_v44_final_artifact_sync_only","CEO_Morning_Briefing"
"2026-08-28","I012","comp_domestic_ai_platform:보안 ai 놓고 다시 짠 k ai 동맹 네이버 lg cns 손잡았다","comp_domestic_ai_platform","경쟁사_해외이슈","4","","","True","comp domestic ai platform 보안 ai 놓고 다시 짠 k ai 동맹 네이버 lg cns 손잡았다","event:네이버:ai_infrastructure_security+phishing_security","14.0","direct_risk","google_rss_v44_final_artifact_sync_only","CEO_Morning_Briefing"
"2026-08-28","I024","comp_domestic_direct_risk:미 의원 한국 쿠팡 규제 타깃 삼아 무역법 301조 조사 촉구","comp_domestic_direct_risk","경쟁사_해외이슈","4","","","True","comp domestic direct risk 미 의원 한국 쿠팡 규제 타깃 삼아 무역법 301조 조사 촉구","event:쿠팡:policy_legislation","24.0","official_action","google_rss_v44_final_artifact_sync_only","CEO_Morning_Briefing"
"2026-08-28","I026","global_incident:platform_regulation:naver:platform_operator_obligation","comp_domestic_public_infra","경쟁사_해외이슈","4","","","True","global incident platform regulation naver platform operator obligation","global_incident:platform_regulation:naver:platform_operator_obligation","14.0","direct_risk","google_rss_v44_final_artifact_sync_only","CEO_Morning_Briefing"
"2026-08-28","I032","global_incident:platform_regulation:platform_sector:platform_data_protection_obligation","government_platform_regulation","정부_국회","5","","","True","global incident platform regulation platform sector platform data protection obligation","global_incident:platform_regulation:platform_sector:platform_data_protection_obligation","14.0","official_action","google_rss_v44_final_artifact_sync_only","CEO_Morning_Briefing"
"2026-08-28","I033","comp_domestic_public_infra:네이버클라우드 lg cns 정부 보안 특화 ai 도전","comp_domestic_public_infra","정부_국회","4","","","True","comp domestic public infra 네이버클라우드 lg cns 정부 보안 특화 ai 도전","event:네이버:ai_infrastructure_security+phishing_security","14.0","direct_risk","google_rss_v44_final_artifact_sync_only","CEO_Morning_Briefing"
"2026-08-28","I035","comp_domestic_public_infra:네이버클라우드 lg cns 정부 보안 특화 ai 구축","comp_domestic_public_infra","정부_국회","4","","","True","comp domestic public infra 네이버클라우드 lg cns 정부 보안 특화 ai 구축","event:네이버:ai_infrastructure_security+phishing_security","14.0","direct_risk","google_rss_v44_final_artifact_sync_only","CEO_Morning_Briefing"
"2026-08-28","I037","self_strategic_reference:카톡 접점으로 ai 서비스 구축 카카오 lgu+ 컨소 모두의 ai 선정","self_strategic_reference","자사_및_계열사_이슈","4","","","True","self strategic reference 카톡 접점으로 ai 서비스 구축 카카오 lgu 컨소 모두의 ai 선정","event:LGU++카카오:ai_infrastructure_security","24.0","business_change","google_rss_v44_final_artifact_sync_only","CEO_Morning_Briefing"
"2026-08-28","I038","self_strategic_reference:카카오톡 전화 한통으로 ai 사용 카카오 lgu+ 모두의 ai 구축","self_strategic_reference","자사_및_계열사_이슈","4","","","True","self strategic reference 카카오톡 전화 한통으로 ai 사용 카카오 lgu 모두의 ai 구축","event:LGU++카카오:ai_infrastructure_security","24.0","business_change","google_rss_v44_final_artifact_sync_only","CEO_Morning_Briefing"
"2026-08-28","I039","government_ai_core_policy:정부 통신3사 ai 시대 통신망 투자 확대 연내 종합대책","government_ai_core_policy","정부_국회","5","","","True","government ai core policy 정부 통신3사 ai 시대 통신망 투자 확대 연내 종합대책","","19.0","business_change","google_rss_v44_final_artifact_sync_only","CEO_Morning_Briefing"
"2026-08-28","I040","government_ai_core_policy:ai시대 통신망 투자 늘린다 정부 통신3사 규제 세제 개선 착수","government_ai_core_policy","정부_국회","5","","","True","government ai core policy ai시대 통신망 투자 늘린다 정부 통신3사 규제 세제 개선 착수","","14.0","business_change","google_rss_v44_final_artifact_sync_only","CEO_Morning_Briefing"
"2026-08-28","I042","self_strategic_reference:카카오 lg유플러스 컨소시엄 모두의 ai 사업자 선정","self_strategic_reference","자사_및_계열사_이슈","4","","","True","self strategic reference 카카오 lg유플러스 컨소시엄 모두의 ai 사업자 선정","event:LGU++카카오:ai_infrastructure_security+strategy_mna_governance","24.0","business_change","google_rss_v44_final_artifact_sync_only","CEO_Morning_Briefing"
"2026-08-31","I001","comp_domestic_ai_platform:naver네이버 1 대 상승 마감 엔비디아 호실적에 ai 사업 확장성 다시 부각","comp_domestic_ai_platform","경쟁사_해외이슈","4","","","True","comp domestic ai platform naver네이버 1 대 상승 마감 엔비디아 호실적에 ai 사업 확장성 다시 부각","event:네이버:ai_infrastructure_security+financial_performance","0.0","direct_risk","google_rss_v44_final_artifact_sync_only","CEO_Morning_Briefing"
"2026-08-31","I004","comp_domestic_ai_platform:대웅 네이버 투자받은 에버엑스 재활 ai 병원 밖 시장 정조준 문대현의 메디뷰","comp_domestic_ai_platform","경쟁사_해외이슈","4","","","True","comp domestic ai platform 대웅 네이버 투자받은 에버엑스 재활 ai 병원 밖 시장 정조준 문대현의 메디뷰","event:네이버:ai_infrastructure_security","24.0","business_change","google_rss_v44_final_artifact_sync_only","CEO_Morning_Briefing"
"2026-08-31","I006","comp_domestic_finance_commerce:애플페이 길 터준 네이버 토스 카드사 도입 셈법엔 양날의 검","comp_domestic_finance_commerce","경쟁사_해외이슈","4","","","True","comp domestic finance commerce 애플페이 길 터준 네이버 토스 카드사 도입 셈법엔 양날의 검","","0.0","general","google_rss_v44_final_artifact_sync_only","CEO_Morning_Briefing"
"2026-08-31","I015","국가 AI 인프라/AIDC/GPU 정책","self_strategic_reference","자사_및_계열사_이슈","5","","","True","국가 ai 인프라 aidc gpu 정책","global_incident:mna_capital:kakao:mna_capital","24.0","business_change,direct_risk","google_rss_v44_final_artifact_sync_only","CEO_Morning_Briefing"
"2026-08-31","I023","카카오 노조 임단협/파업 및 내부 갈등","self_labor","자사_및_계열사_이슈","5","","","True","카카오 노조 임단협 파업 및 내부 갈등","global_incident:labor_ir:kakao:strike_negotiation","24.0","direct_risk","google_rss_v44_final_artifact_sync_only","CEO_Morning_Briefing"
"2026-08-31","I027","global_incident:platform_regulation:platform_sector:platform_regulation","government_general_low_relevance","정부_국회","5","","","True","global incident platform regulation platform sector platform regulation","global_incident:platform_regulation:platform_sector:platform_regulation","24.0","analysis_feature,direct_risk,general","google_rss_v44_final_artifact_sync_only","CEO_Morning_Briefing"
"2026-08-31","I038","self_strategic_reference:카카오 lg유플러스 카카오톡 전화로 모두의 ai 9월 베타 공개","self_strategic_reference","자사_및_계열사_이슈","4","","","True","self strategic reference 카카오 lg유플러스 카카오톡 전화로 모두의 ai 9월 베타 공개","event:LGU++카카오:ai_infrastructure_security","0.0","business_change","google_rss_v44_final_artifact_sync_only","CEO_Morning_Briefing"
"2026-08-31","I054","global_incident:leadership_service:meta:executive_change","comp_overseas_regulation_data","경쟁사_해외이슈","4","","","True","global incident leadership service meta executive change","global_incident:leadership_service:meta:executive_change","24.0","general","google_rss_v44_final_artifact_sync_only","CEO_Morning_Briefing"
"2026-08-31","I055","comp_overseas_regulation_data:인공지능 줌인 프리미엄 컴퓨터로 데스크사이드 ai 시장을 잡는다 데이터센터 없이 ai 열풍의 수혜자가 된 애","comp_overseas_regulation_data","경쟁사_해외이슈","4","","","True","comp overseas regulation data 인공지능 줌인 프리미엄 컴퓨터로 데스크사이드 ai 시장을 잡는다 데이터센터 없이 ai 열풍의 수혜자가 된 애","event:애플:ai_infrastructure_security","14.0","business_change","google_rss_v44_final_artifact_sync_only","CEO_Morning_Briefing"
"2026-08-31","I064","global_incident:platform_regulation:platform_sector:platform_data_protection_obligation","government_platform_regulation","정부_국회","5","","","True","global incident platform regulation platform sector platform data protection obligation","global_incident:platform_regulation:platform_sector:platform_data_protection_obligation","24.0","official_action","google_rss_v44_final_artifact_sync_only","CEO_Morning_Briefing"
"2026-08-31","I077","government_ai_core_policy:ai통신망 투자촉진 민 관 협의체 발족 과기정통부 연내 종합대책 수립","government_ai_core_policy","정부_국회","5","","","True","government ai core policy ai통신망 투자촉진 민 관 협의체 발족 과기정통부 연내 종합대책 수립","event:과기정통부:ai_infrastructure_security+policy_legislation","5.0","business_change","google_rss_v44_final_artifact_sync_only","CEO_Morning_Briefing"
"2026-08-31","I104","global_incident:digital_asset_policy:financial_authority:digital_asset_policy","government_regulatory_enforcement","정부_국회","5","","","True","global incident digital asset policy financial authority digital asset policy","global_incident:digital_asset_policy:financial_authority:digital_asset_policy","14.0","general","google_rss_v44_final_artifact_sync_only","CEO_Morning_Briefing"
"2026-08-31","I106","government_regulatory_enforcement:정부안 조율에 조직 변수까지 디지털자산법 내달 발의 시험대","government_regulatory_enforcement","정부_국회","5","","","True","government regulatory enforcement 정부안 조율에 조직 변수까지 디지털자산법 내달 발의 시험대","","0.0","general","google_rss_v44_final_artifact_sync_only","CEO_Morning_Briefing"
"2026-09-01","I003","comp_domestic_ai_platform:대웅 네이버 투자받은 에버엑스 재활 ai 병원 밖 시장 정조준","comp_domestic_ai_platform","경쟁사_해외이슈","4","","","True","comp domestic ai platform 대웅 네이버 투자받은 에버엑스 재활 ai 병원 밖 시장 정조준","event:네이버:ai_infrastructure_security","14.0","business_change","google_rss_v44_final_artifact_sync_only","CEO_Morning_Briefing"
"2026-09-01","I007","comp_domestic_ai_platform:주간 클라우드 동향 8월 보안 특화모델 개발에 네이버클라우드 참전 sk텔레콤과 대격돌","comp_domestic_ai_platform","경쟁사_해외이슈","4","","","True","comp domestic ai platform 주간 클라우드 동향 8월 보안 특화모델 개발에 네이버클라우드 참전 sk텔레콤과 대격돌","event:SKT+네이버:ai_infrastructure_security+phishing_security","14.0","analysis_with_direct_risk","google_rss_v44_final_artifact_sync_only","CEO_Morning_Briefing"
"2026-09-01","I026","global_incident:ai_security_policy:naver:ai_security_policy","comp_domestic_ai_platform","경쟁사_해외이슈","4","","","True","global incident ai security policy naver ai security policy","global_incident:ai_security_policy:naver:ai_security_policy","19.0","analysis_with_direct_risk","google_rss_v44_final_artifact_sync_only","CEO_Morning_Briefing"
"2026-09-01","I031","global_incident:platform_regulation:naver:platform_regulation","comp_domestic_public_infra","경쟁사_해외이슈","4","","","True","global incident platform regulation naver platform regulation","global_incident:platform_regulation:naver:platform_regulation","14.0","business_change","google_rss_v44_final_artifact_sync_only","CEO_Morning_Briefing"
"2026-09-01","I034","국가 AI 인프라/AIDC/GPU 정책","comp_domestic_ai_platform","경쟁사_해외이슈","4","","","True","국가 ai 인프라 aidc gpu 정책","event:KT:ai_infrastructure_security+policy_legislation","24.0","analysis_feature,business_change,direct_risk,general","google_rss_v44_final_artifact_sync_only","CEO_Morning_Briefing"
"2026-09-01","I039","global_incident:platform_enforcement:google:app_market_payment_fee","government_platform_regulation","정부_국회","5","","","True","global incident platform enforcement google app market payment fee","v27:platform_enforcement:google:app_market_payment_fee","19.0","official_action","google_rss_v44_final_artifact_sync_only","CEO_Morning_Briefing"
"2026-09-01","I049","global_incident:platform_regulation:fair_trade_authority:platform_regulation","government_ai_core_policy","정부_국회","5","","","True","global incident platform regulation fair trade authority platform regulation","global_incident:platform_regulation:fair_trade_authority:platform_regulation","24.0","business_change,direct_risk","google_rss_v44_final_artifact_sync_only","CEO_Morning_Briefing"
"2026-09-01","I069","카카오 노조 임단협/파업 및 내부 갈등","self_labor","자사_및_계열사_이슈","5","","","True","카카오 노조 임단협 파업 및 내부 갈등","global_incident:labor_ir:kakao:strike_negotiation","14.0","direct_risk","google_rss_v44_final_artifact_sync_only","CEO_Morning_Briefing"
"2026-09-01","I072","global_incident:digital_asset_policy:digital_asset_sector:digital_asset_policy","government_regulatory_enforcement","정부_국회","5","","","True","global incident digital asset policy digital asset sector digital asset policy","global_incident:digital_asset_policy:digital_asset_sector:digital_asset_policy","14.0","general,official_action","google_rss_v44_final_artifact_sync_only","CEO_Morning_Briefing"
"2026-09-01","I075","global_incident:leadership_service:kakao:executive_change","self_direct_risk","자사_및_계열사_이슈","5","","","True","global incident leadership service kakao executive change","global_incident:leadership_service:kakao:executive_change","14.0","direct_risk","google_rss_v44_final_artifact_sync_only","CEO_Morning_Briefing"
"2026-09-01","I103","government_ai_core_policy:정부 공공 정보시스템 클라우드 전환 시동 총조사 실시","government_ai_core_policy","정부_국회","5","","","True","government ai core policy 정부 공공 정보시스템 클라우드 전환 시동 총조사 실시","","24.0","official_action","google_rss_v44_final_artifact_sync_only","CEO_Morning_Briefing"
"2026-09-01","I104","government_ai_core_policy:행안부 전 행정 공공기관 클라우드 총조사 2030년 전환 로드맵 만든다","government_ai_core_policy","정부_국회","5","","","True","government ai core policy 행안부 전 행정 공공기관 클라우드 총조사 2030년 전환 로드맵 만든다","event:행안부:ai_infrastructure_security","24.0","official_action","google_rss_v44_final_artifact_sync_only","CEO_Morning_Briefing"
"2026-09-01","I121","self_strategic_reference:삼쩜삼 카카오 모두의 ai 컨소시엄 합류 정부 사업 첫 참여","self_strategic_reference","자사_및_계열사_이슈","4","","","True","self strategic reference 삼쩜삼 카카오 모두의 ai 컨소시엄 합류 정부 사업 첫 참여","event:카카오:ai_infrastructure_security+strategy_mna_governance","24.0","business_change","google_rss_v44_final_artifact_sync_only","CEO_Morning_Briefing"
